0 0 0 0 0 0 
0 0 0 0 0 0 
0 0 0 0 0 0 
0 0 0 0 0 0 
1 1 1 1 1 1 
1 1 1 1 1 1 

0 0 0 0 0 0 
0 0 0 0 0 0 
0 0 0 0 0 0 
0 0 0 0 0 0 
1 1 1 1 1 1 
1 1 1 1 1 1 

0 0 0 0 0 0 
0 0 0 0 0 0 
0 0 0 0 0 0 
0 0 0 0 0 0 
1 1 1 1 1 1 
1 1 1 1 1 1 

0 0 0 0 0 0 
0 0 0 0 0 0 
0 0 0 0 0 0 
0 0 0 0 0 0 
1 1 1 1 1 1 
1 1 1 1 1 1 

0 0 0 0 0 0 
0 0 0 0 0 0 
0 0 0 0 0 0 
0 0 0 0 0 0 
1 1 1 1 1 1 
1 1 1 1 1 1 

0 0 0 0 0 0 
0 0 0 0 0 0 
0 0 0 0 0 0 
0 0 0 0 0 0 
1 1 1 1 1 1 
1 1 1 1 1 1 

0 0 0 0 0 0 
0 0 0 0 0 0 
0 0 0 0 0 0 
0 0 0 0 0 0 
1 1 1 1 1 1 
1 1 1 1 1 1 

0 0 0 0 0 0 
0 0 0 0 0 0 
0 0 0 0 0 0 
0 0 0 0 0 0 
1 1 1 1 1 1 
1 1 1 1 1 1 

-1 -1 -1 -1 -1 -1 
-1 -1 -1 -1 -1 -1 
0 0 0 0 0 0 
0 0 0 0 0 0 
0 0 0 0 0 0 
0 0 0 0 0 0 

-1 -1 -1 -1 -1 -1 
-1 -1 -1 -1 -1 -1 
0 0 0 0 0 0 
0 0 0 0 0 0 
0 0 0 0 0 0 
0 0 0 0 0 0 

-1 -1 -1 -1 -1 -1 
-1 -1 -1 -1 -1 -1 
0 0 0 0 0 0 
0 0 0 0 0 0 
0 0 0 0 0 0 
0 0 0 0 0 0 

-1 -1 -1 -1 -1 -1 
-1 -1 -1 -1 -1 -1 
0 0 0 0 0 0 
0 0 0 0 0 0 
0 0 0 0 0 0 
0 0 0 0 0 0 

-1 -1 -1 -1 -1 -1 
-1 -1 -1 -1 -1 -1 
0 0 0 0 0 0 
0 0 0 0 0 0 
0 0 0 0 0 0 
0 0 0 0 0 0 

-1 -1 -1 -1 -1 -1 
-1 -1 -1 -1 -1 -1 
0 0 0 0 0 0 
0 0 0 0 0 0 
0 0 0 0 0 0 
0 0 0 0 0 0 

-1 -1 -1 -1 -1 -1 
-1 -1 -1 -1 -1 -1 
0 0 0 0 0 0 
0 0 0 0 0 0 
0 0 0 0 0 0 
0 0 0 0 0 0 

-1 -1 -1 -1 -1 -1 
-1 -1 -1 -1 -1 -1 
0 0 0 0 0 0 
0 0 0 0 0 0 
0 0 0 0 0 0 
0 0 0 0 0 0 

-1 -1 -1 -1 -1 -1 
-1 -1 -1 -1 -1 -1 
-1 -1 -1 -1 -1 -1 
-1 -1 -1 -1 -1 -1 
-1 -1 -1 -1 -1 -1 
-1 -1 -1 -1 -1 -1 

1 0 2 0 1 0 2 1 1 1 2 0 1 1 2 1 1 1 2 2 1 2 2 1 1 2 2 2 1 2 2 3 1 3 2 2 1 3 2 3 1 3 2 4 1 4 2 3 1 4 2 4 1 4 2 5 1 5 2 4 1 5 2 5 
0.418972 0.442997 0.47549 0.518462 0.50365 0.407725 0.446541 0.459155 0.428044 0.485651 0.423077 0.500938 0.49503 0.488121 0.501852 0.442623 
-1 -1 -1 -1 -1 -1 
-1 -1 -1 -1 -1 -1 
0 0 0 0 0 0 
0 0 0 0 0 0 
0 0 0 0 0 0 
0 0 0 0 0 0 

-1 -1 -1 -1 -1 -1 
-1 -1 -1 -1 -1 -1 
0 0 0 0 0 0 
0 0 0 0 0 0 
0 0 0 0 0 0 
0 0 0 0 0 0 

-1 -1 -1 -1 -1 -1 
-1 -1 -1 -1 -1 -1 
0 0 0 0 0 0 
0 0 0 0 0 0 
0 0 0 0 0 0 
0 0 0 0 0 0 

-1 -1 -1 -1 -1 -1 
-1 -1 -1 -1 -1 -1 
0 0 0 0 0 0 
0 0 0 0 0 0 
0 0 0 0 0 0 
0 0 0 0 0 0 

-1 -1 -1 -1 -1 -1 
-1 -1 -1 -1 -1 -1 
0 0 0 0 0 0 
0 0 0 0 0 0 
0 0 0 0 0 0 
0 0 0 0 0 0 

-1 -1 -1 -1 -1 -1 
-1 -1 -1 -1 -1 -1 
0 0 0 0 0 0 
0 0 0 0 0 0 
0 0 0 0 0 0 
0 0 0 0 0 0 

-1 -1 -1 -1 -1 -1 
-1 -1 -1 -1 -1 -1 
0 0 0 0 0 0 
0 0 0 0 0 0 
0 0 0 0 0 0 
0 0 0 0 0 0 

-1 -1 -1 -1 -1 -1 
-1 -1 -1 -1 -1 -1 
0 0 0 0 0 0 
0 0 0 0 0 0 
0 0 0 0 0 0 
0 0 0 0 0 0 

0 0 0 0 0 0 
0 0 0 0 0 0 
0 0 0 0 0 0 
0 0 0 0 0 0 
1 1 1 1 1 1 
1 1 1 1 1 1 

0 0 0 0 0 0 
0 0 0 0 0 0 
0 0 0 0 0 0 
0 0 0 0 0 0 
1 1 1 1 1 1 
1 1 1 1 1 1 

0 0 0 0 0 0 
0 0 0 0 0 0 
0 0 0 0 0 0 
0 0 0 0 0 0 
1 1 1 1 1 1 
1 1 1 1 1 1 

0 0 0 0 0 0 
0 0 0 0 0 0 
0 0 0 0 0 0 
0 0 0 0 0 0 
1 1 1 1 1 1 
1 1 1 1 1 1 

0 0 0 0 0 0 
0 0 0 0 0 0 
0 0 0 0 0 0 
0 0 0 0 0 0 
1 1 1 1 1 1 
1 1 1 1 1 1 

0 0 0 0 0 0 
0 0 0 0 0 0 
0 0 0 0 0 0 
0 0 0 0 0 0 
1 1 1 1 1 1 
1 1 1 1 1 1 

0 0 0 0 0 0 
0 0 0 0 0 0 
0 0 0 0 0 0 
0 0 0 0 0 0 
1 1 1 1 1 1 
1 1 1 1 1 1 

0 0 0 0 0 0 
0 0 0 0 0 0 
0 0 0 0 0 0 
0 0 0 0 0 0 
1 1 1 1 1 1 
1 1 1 1 1 1 

1 1 1 1 1 1 
1 1 1 1 1 1 
1 1 1 1 1 1 
1 1 1 1 1 1 
1 1 1 1 1 1 
1 1 1 1 1 1 

4 0 3 0 4 0 3 1 4 1 3 0 4 1 3 1 4 1 3 2 4 2 3 1 4 2 3 2 4 2 3 3 4 3 3 2 4 3 3 3 4 3 3 4 4 4 3 3 4 4 3 4 4 4 3 5 4 5 3 4 4 5 3 5 
0.540936 0.439759 0.618868 0.571744 0.509434 0.507634 0.567873 0.571739 0.512915 0.61165 0.603369 0.556675 0.451977 0.573876 0.434783 0.548913 
0 0 0 0 0 0 
0 0 0 0 0 0 
0 0 0 0 0 0 
0 0 0 0 0 0 
1 1 1 1 1 1 
1 1 1 1 1 1 

0 0 0 0 0 0 
0 0 0 0 0 0 
0 0 0 0 0 0 
0 0 0 0 0 0 
1 1 1 1 1 1 
1 1 1 1 1 1 

0 0 0 0 0 0 
0 0 0 0 0 0 
0 0 0 0 0 0 
0 0 0 0 0 0 
1 1 1 1 1 1 
1 1 1 1 1 1 

0 0 0 0 0 0 
0 0 0 0 0 0 
0 0 0 0 0 0 
0 0 0 0 0 0 
1 1 1 1 1 1 
1 1 1 1 1 1 

0 0 0 0 0 0 
0 0 0 0 0 0 
0 0 0 0 0 0 
0 0 0 0 0 0 
1 1 1 1 1 1 
1 1 1 1 1 1 

0 0 0 0 0 0 
0 0 0 0 0 0 
0 0 0 0 0 0 
0 0 0 0 0 0 
1 1 1 1 1 1 
1 1 1 1 1 1 

0 0 0 0 0 0 
0 0 0 0 0 0 
0 0 0 0 0 0 
0 0 0 0 0 0 
1 1 1 1 1 1 
1 1 1 1 1 1 

0 0 0 0 0 0 
0 0 0 0 0 0 
0 0 0 0 0 0 
0 0 0 0 0 0 
1 1 1 1 1 1 
1 1 1 1 1 1 

-1 -1 -1 -1 -1 -1 
-1 -1 -1 -1 -1 -1 
0 0 0 0 0 0 
0 0 0 0 0 0 
0 0 0 0 0 0 
0 0 0 0 0 0 

-1 -1 -1 -1 -1 -1 
-1 -1 -1 -1 -1 -1 
0 0 0 0 0 0 
0 0 0 0 0 0 
0 0 0 0 0 0 
0 0 0 0 0 0 

-1 -1 -1 -1 -1 -1 
-1 -1 -1 -1 -1 -1 
0 0 0 0 0 0 
0 0 0 0 0 0 
0 0 0 0 0 0 
0 0 0 0 0 0 

-1 -1 -1 -1 -1 -1 
-1 -1 -1 -1 -1 -1 
0 0 0 0 0 0 
0 0 0 0 0 0 
0 0 0 0 0 0 
0 0 0 0 0 0 

-1 -1 -1 -1 -1 -1 
-1 -1 -1 -1 -1 -1 
0 0 0 0 0 0 
0 0 0 0 0 0 
0 0 0 0 0 0 
0 0 0 0 0 0 

-1 -1 -1 -1 -1 -1 
-1 -1 -1 -1 -1 -1 
0 0 0 0 0 0 
0 0 0 0 0 0 
0 0 0 0 0 0 
0 0 0 0 0 0 

-1 -1 -1 -1 -1 -1 
-1 -1 -1 -1 -1 -1 
0 0 0 0 0 0 
0 0 0 0 0 0 
0 0 0 0 0 0 
0 0 0 0 0 0 

-1 -1 -1 -1 -1 -1 
-1 0 -1 -1 -1 -1 
0 -1 0 0 0 0 
0 0 0 0 0 0 
0 0 0 0 0 0 
0 0 0 0 0 0 

-1 -1 -1 -1 -1 -1 
-1 -1 -1 -1 -1 -1 
-1 -1 -1 -1 -1 -1 
-1 -1 -1 -1 -1 -1 
-1 -1 -1 -1 -1 -1 
-1 -1 -1 -1 -1 -1 

0 0 1 1 0 1 1 1 0 2 1 1 1 0 1 1 1 0 2 0 1 2 1 1 1 2 2 2 1 2 2 3 1 3 2 2 1 3 2 3 1 3 2 4 1 4 2 3 1 4 2 4 1 4 2 5 1 5 2 4 1 5 2 5 2 1 1 1 2 1 2 0 2 1 2 2 2 1 3 1 2 1 3 2 
0.566462 0.553738 0.430303 0.564854 0.482906 0.44 0.45641 0.507092 0.496183 0.531609 0.470046 0.570588 0.52568 0.489879 0.55 0.570297 0.487805 0.496154 0.505376 0.487705 0.430303 
-1 -1 -1 -1 -1 -1 
-1 -1 -1 -1 -1 -1 
0 0 0 0 0 0 
0 0 0 0 0 0 
0 0 0 0 0 0 
0 0 0 0 0 0 

-1 -1 -1 -1 -1 -1 
-1 -1 -1 -1 -1 -1 
0 0 0 0 0 0 
0 0 0 0 0 0 
0 0 0 0 0 0 
0 0 0 0 0 0 

-1 -1 -1 -1 -1 -1 
-1 -1 -1 -1 -1 -1 
0 0 0 0 0 0 
0 0 0 0 0 0 
0 0 0 0 0 0 
0 0 0 0 0 0 

-1 -1 -1 -1 -1 -1 
-1 -1 -1 -1 -1 -1 
0 0 0 0 0 0 
0 0 0 0 0 0 
0 0 0 0 0 0 
0 0 0 0 0 0 

-1 -1 -1 -1 -1 -1 
-1 -1 -1 -1 -1 -1 
0 0 0 0 0 0 
0 0 0 0 0 0 
0 0 0 0 0 0 
0 0 0 0 0 0 

-1 -1 -1 -1 -1 -1 
-1 -1 -1 -1 -1 -1 
0 0 0 0 0 0 
0 0 0 0 0 0 
0 0 0 0 0 0 
0 0 0 0 0 0 

-1 -1 -1 -1 -1 -1 
-1 -1 -1 -1 -1 -1 
0 0 0 0 0 0 
0 0 0 0 0 0 
0 0 0 0 0 0 
0 0 0 0 0 0 

-1 -1 -1 -1 -1 -1 
-1 0 -1 -1 -1 -1 
0 -1 0 0 0 0 
0 0 0 0 0 0 
0 0 0 0 0 0 
0 0 0 0 0 0 

0 0 0 0 0 0 
0 0 0 0 0 0 
0 0 0 0 0 0 
0 0 0 0 0 0 
1 1 1 1 1 1 
1 1 1 1 1 1 

0 0 0 0 0 0 
0 0 0 0 0 0 
0 0 0 0 0 0 
0 0 0 0 0 0 
1 1 1 1 1 1 
1 1 1 1 1 1 

0 0 0 0 0 0 
0 0 0 0 0 0 
0 0 0 0 0 0 
0 0 0 0 0 0 
1 1 1 1 1 1 
1 1 1 1 1 1 

0 0 0 0 0 0 
0 0 0 0 0 0 
0 0 0 0 0 0 
0 0 0 0 0 0 
1 1 1 1 1 1 
1 1 1 1 1 1 

0 0 0 0 0 0 
0 0 0 0 0 0 
0 0 0 0 0 0 
0 0 0 0 0 0 
1 1 1 1 1 1 
1 1 1 1 1 1 

0 0 0 0 0 0 
0 0 0 0 0 0 
0 0 0 0 0 0 
0 0 0 0 0 0 
1 1 1 1 1 1 
1 1 1 1 1 1 

0 0 0 0 0 0 
0 0 0 0 0 0 
0 0 0 0 0 0 
0 0 0 0 0 0 
1 1 1 1 1 1 
1 1 1 1 1 1 

0 0 0 0 0 0 
0 0 0 0 0 0 
0 0 0 0 0 0 
1 0 0 0 0 0 
1 0 1 1 1 1 
1 1 1 1 1 1 

1 1 1 1 1 1 
1 1 1 1 1 1 
1 1 1 1 1 1 
1 1 1 1 1 1 
1 1 1 1 1 1 
1 1 1 1 1 1 

3 0 2 0 3 0 3 1 3 0 4 1 4 0 3 1 4 0 4 1 4 2 3 1 4 2 3 2 4 2 3 3 4 2 4 1 4 3 3 2 4 3 3 3 4 3 3 4 4 4 3 3 4 4 3 4 4 4 3 5 4 5 3 4 4 5 3 5 5 0 4 1 5 1 4 1 5 2 4 1 
0.613941 0.460938 0.5 0.557447 0.54067 0.554585 0.579137 0.609065 0.587838 0.579137 0.596875 0.672439 0.559322 0.592834 0.659396 0.61157 0.56746 0.565737 0.562771 0.661765 
0 0 0 0 0 0 
0 0 0 0 0 0 
0 0 0 0 0 0 
0 0 0 0 0 0 
1 1 1 1 1 1 
1 1 1 1 1 1 

0 0 0 0 0 0 
0 0 0 0 0 0 
0 0 0 0 0 0 
0 0 0 0 0 0 
1 1 1 1 1 1 
1 1 1 1 1 1 

0 0 0 0 0 0 
0 0 0 0 0 0 
0 0 0 0 0 0 
0 0 0 0 0 0 
1 1 1 1 1 1 
1 1 1 1 1 1 

0 0 0 0 0 0 
0 0 0 0 0 0 
0 0 0 0 0 0 
0 0 0 0 0 0 
1 1 1 1 1 1 
1 1 1 1 1 1 

0 0 0 0 0 0 
0 0 0 0 0 0 
0 0 0 0 0 0 
0 0 0 0 0 0 
1 1 1 1 1 1 
1 1 1 1 1 1 

0 0 0 0 0 0 
0 0 0 0 0 0 
0 0 0 0 0 0 
0 0 0 0 0 0 
1 1 1 1 1 1 
1 1 1 1 1 1 

0 0 0 0 0 0 
0 0 0 0 0 0 
0 0 0 0 0 0 
0 0 0 0 0 0 
1 1 1 1 1 1 
1 1 1 1 1 1 

0 0 0 0 0 0 
0 0 0 0 0 0 
0 0 0 0 0 0 
1 0 0 0 0 0 
1 0 1 1 1 1 
1 1 1 1 1 1 

-1 -1 -1 -1 -1 -1 
-1 -1 -1 -1 -1 -1 
0 0 0 0 0 0 
0 0 0 0 0 0 
0 0 0 0 0 0 
0 0 0 0 0 0 

-1 -1 -1 -1 -1 -1 
-1 -1 -1 -1 -1 -1 
0 0 0 0 0 0 
0 0 0 0 0 0 
0 0 0 0 0 0 
0 0 0 0 0 0 

-1 -1 -1 -1 -1 -1 
-1 -1 -1 -1 -1 -1 
0 0 0 0 0 0 
0 0 0 0 0 0 
0 0 0 0 0 0 
0 0 0 0 0 0 

-1 -1 -1 -1 -1 -1 
-1 -1 -1 -1 -1 -1 
0 0 0 0 0 0 
0 0 0 0 0 0 
0 0 0 0 0 0 
0 0 0 0 0 0 

-1 -1 -1 -1 -1 -1 
-1 -1 -1 -1 -1 -1 
0 0 0 0 0 0 
0 0 0 0 0 0 
0 0 0 0 0 0 
0 0 0 0 0 0 

-1 -1 -1 -1 -1 -1 
-1 -1 -1 -1 -1 -1 
0 0 0 0 0 0 
0 0 0 0 0 0 
0 0 0 0 0 0 
0 0 0 0 0 0 

-1 -1 -1 -1 -1 -1 
-1 0 -1 -1 -1 -1 
0 -1 0 0 0 0 
0 0 0 0 0 0 
0 0 0 0 0 0 
0 0 0 0 0 0 

-1 -1 -1 -1 -1 -1 
-1 0 -1 -1 0 -1 
0 -1 0 -1 0 0 
0 0 0 0 0 0 
0 0 0 0 0 0 
0 0 0 0 0 0 

-1 -1 -1 -1 -1 -1 
-1 -1 -1 -1 -1 -1 
-1 -1 -1 -1 -1 -1 
-1 -1 -1 -1 -1 -1 
-1 -1 -1 -1 -1 -1 
-1 -1 -1 -1 -1 -1 

0 0 1 1 0 1 1 1 0 2 1 1 0 3 1 4 0 4 1 4 0 5 1 4 1 0 1 1 1 0 2 0 1 2 1 1 1 2 2 2 1 3 1 4 1 3 2 2 1 3 2 4 1 5 1 4 1 5 2 4 1 5 2 5 2 1 1 1 2 1 2 0 2 1 2 2 2 1 3 1 2 1 3 2 2 3 1 4 2 3 2 2 2 3 2 4 2 3 3 2 2 3 3 3 
0.667464 0.535484 0.455446 0.562842 0.577114 0.704473 0.69863 0.550296 0.477876 0.487395 0.598291 0.551724 0.487603 0.673378 0.619565 0.637224 0.60166 0.532468 0.625 0.656 0.588542 0.552326 0.532468 0.514493 0.637224 0.503817 
-1 -1 -1 -1 -1 -1 
-1 -1 -1 -1 -1 -1 
0 0 0 0 0 0 
0 0 0 0 0 0 
0 0 0 0 0 0 
0 0 0 0 0 0 

-1 -1 -1 -1 -1 -1 
-1 -1 -1 -1 -1 -1 
0 0 0 0 0 0 
0 0 0 0 0 0 
0 0 0 0 0 0 
0 0 0 0 0 0 

-1 -1 -1 -1 -1 -1 
-1 -1 -1 -1 -1 -1 
0 0 0 0 0 0 
0 0 0 0 0 0 
0 0 0 0 0 0 
0 0 0 0 0 0 

-1 -1 -1 -1 -1 -1 
-1 -1 -1 -1 -1 -1 
0 0 0 0 0 0 
0 0 0 0 0 0 
0 0 0 0 0 0 
0 0 0 0 0 0 

-1 -1 -1 -1 -1 -1 
-1 -1 -1 -1 -1 -1 
0 0 0 0 0 0 
0 0 0 0 0 0 
0 0 0 0 0 0 
0 0 0 0 0 0 

-1 -1 -1 -1 -1 -1 
-1 -1 -1 -1 -1 -1 
0 0 0 0 0 0 
0 0 0 0 0 0 
0 0 0 0 0 0 
0 0 0 0 0 0 

-1 -1 -1 -1 -1 -1 
-1 0 -1 -1 -1 -1 
0 -1 0 0 0 0 
0 0 0 0 0 0 
0 0 0 0 0 0 
0 0 0 0 0 0 

-1 -1 -1 -1 -1 -1 
-1 0 -1 -1 0 -1 
0 -1 0 -1 0 0 
0 0 0 0 0 0 
0 0 0 0 0 0 
0 0 0 0 0 0 

0 0 0 0 0 0 
0 0 0 0 0 0 
0 0 0 0 0 0 
0 0 0 0 0 0 
1 1 1 1 1 1 
1 1 1 1 1 1 

0 0 0 0 0 0 
0 0 0 0 0 0 
0 0 0 0 0 0 
0 0 0 0 0 0 
1 1 1 1 1 1 
1 1 1 1 1 1 

0 0 0 0 0 0 
0 0 0 0 0 0 
0 0 0 0 0 0 
0 0 0 0 0 0 
1 1 1 1 1 1 
1 1 1 1 1 1 

0 0 0 0 0 0 
0 0 0 0 0 0 
0 0 0 0 0 0 
0 0 0 0 0 0 
1 1 1 1 1 1 
1 1 1 1 1 1 

0 0 0 0 0 0 
0 0 0 0 0 0 
0 0 0 0 0 0 
0 0 0 0 0 0 
1 1 1 1 1 1 
1 1 1 1 1 1 

0 0 0 0 0 0 
0 0 0 0 0 0 
0 0 0 0 0 0 
0 0 0 0 0 0 
1 1 1 1 1 1 
1 1 1 1 1 1 

0 0 0 0 0 0 
0 0 0 0 0 0 
0 0 0 0 0 0 
1 0 0 0 0 0 
1 0 1 1 1 1 
1 1 1 1 1 1 

0 0 0 0 0 0 
0 0 0 0 0 0 
0 0 0 0 0 0 
1 0 0 0 1 0 
1 0 1 0 1 1 
1 1 1 1 1 1 

1 1 1 1 1 1 
1 1 1 1 1 1 
1 1 1 1 1 1 
1 1 1 1 1 1 
1 1 1 1 1 1 
1 1 1 1 1 1 

3 0 2 0 3 0 3 1 3 0 4 1 3 4 2 4 3 4 2 5 3 4 3 3 3 4 3 5 3 4 4 3 4 0 3 1 4 0 4 1 4 2 3 1 4 2 3 2 4 2 3 3 4 2 4 1 4 2 4 3 4 4 3 3 4 4 3 5 4 4 4 3 4 5 3 5 5 0 4 1 5 1 4 1 5 2 4 1 5 2 4 3 5 3 4 3 5 4 4 3 
0.694245 0.617284 0.642105 0.737624 0.754717 0.602649 0.766972 0.576923 0.658879 0.635359 0.690299 0.684825 0.633333 0.701031 0.698246 0.639785 0.727763 0.569106 0.692308 0.576923 0.730366 0.722063 0.628571 0.655502 0.640212 
0 0 0 0 0 0 
0 0 0 0 0 0 
0 0 0 0 0 0 
0 0 0 0 0 0 
1 1 1 1 1 1 
1 1 1 1 1 1 

0 0 0 0 0 0 
0 0 0 0 0 0 
0 0 0 0 0 0 
0 0 0 0 0 0 
1 1 1 1 1 1 
1 1 1 1 1 1 

0 0 0 0 0 0 
0 0 0 0 0 0 
0 0 0 0 0 0 
0 0 0 0 0 0 
1 1 1 1 1 1 
1 1 1 1 1 1 

0 0 0 0 0 0 
0 0 0 0 0 0 
0 0 0 0 0 0 
0 0 0 0 0 0 
1 1 1 1 1 1 
1 1 1 1 1 1 

0 0 0 0 0 0 
0 0 0 0 0 0 
0 0 0 0 0 0 
0 0 0 0 0 0 
1 1 1 1 1 1 
1 1 1 1 1 1 

0 0 0 0 0 0 
0 0 0 0 0 0 
0 0 0 0 0 0 
0 0 0 0 0 0 
1 1 1 1 1 1 
1 1 1 1 1 1 

0 0 0 0 0 0 
0 0 0 0 0 0 
0 0 0 0 0 0 
1 0 0 0 0 0 
1 0 1 1 1 1 
1 1 1 1 1 1 

0 0 0 0 0 0 
0 0 0 0 0 0 
0 0 0 0 0 0 
1 0 0 0 1 0 
1 0 1 0 1 1 
1 1 1 1 1 1 

-1 -1 -1 -1 -1 -1 
-1 -1 -1 -1 -1 -1 
0 0 0 0 0 0 
0 0 0 0 0 0 
0 0 0 0 0 0 
0 0 0 0 0 0 

-1 -1 -1 -1 -1 -1 
-1 -1 -1 -1 -1 -1 
0 0 0 0 0 0 
0 0 0 0 0 0 
0 0 0 0 0 0 
0 0 0 0 0 0 

-1 -1 -1 -1 -1 -1 
-1 -1 -1 -1 -1 -1 
0 0 0 0 0 0 
0 0 0 0 0 0 
0 0 0 0 0 0 
0 0 0 0 0 0 

-1 -1 -1 -1 -1 -1 
-1 -1 -1 -1 -1 -1 
0 0 0 0 0 0 
0 0 0 0 0 0 
0 0 0 0 0 0 
0 0 0 0 0 0 

-1 -1 -1 -1 -1 -1 
-1 -1 -1 -1 -1 -1 
0 0 0 0 0 0 
0 0 0 0 0 0 
0 0 0 0 0 0 
0 0 0 0 0 0 

-1 -1 -1 -1 -1 -1 
-1 0 -1 -1 -1 -1 
0 -1 0 0 0 0 
0 0 0 0 0 0 
0 0 0 0 0 0 
0 0 0 0 0 0 

-1 -1 -1 -1 -1 -1 
-1 0 -1 -1 0 -1 
0 -1 0 -1 0 0 
0 0 0 0 0 0 
0 0 0 0 0 0 
0 0 0 0 0 0 

-1 -1 -1 -1 -1 0 
-1 0 -1 -1 -1 -1 
0 -1 0 -1 0 0 
0 0 0 0 0 0 
0 0 0 0 0 0 
0 0 0 0 0 0 

-1 -1 -1 -1 -1 -1 
-1 -1 -1 -1 -1 -1 
-1 -1 -1 -1 -1 -1 
-1 -1 -1 -1 -1 -1 
-1 -1 -1 -1 -1 -1 
-1 -1 -1 -1 -1 -1 

0 0 1 1 0 1 1 1 0 2 1 1 0 4 0 5 1 0 1 1 1 0 2 0 1 2 1 1 1 2 2 2 1 3 2 2 1 3 2 4 1 4 0 5 1 4 2 4 1 4 2 5 1 5 0 5 1 5 2 4 1 5 2 5 2 1 1 1 2 1 2 0 2 1 2 2 2 1 3 1 2 1 3 2 2 3 2 2 2 3 2 4 2 3 3 2 2 3 3 3 2 3 3 4 
0.728767 0.671053 0.552632 0.635359 0.735219 0.578125 0.515789 0.647668 0.625 0.633333 0.625 0.738693 0.662037 0.672414 0.720588 0.720238 0.679012 0.685039 0.661972 0.732095 0.6 0.750562 0.682731 0.71885 0.672489 0.651741 
-1 -1 -1 -1 -1 -1 
-1 -1 -1 -1 -1 -1 
0 0 0 0 0 0 
0 0 0 0 0 0 
0 0 0 0 0 0 
0 0 0 0 0 0 

-1 -1 -1 -1 -1 -1 
-1 -1 -1 -1 -1 -1 
0 0 0 0 0 0 
0 0 0 0 0 0 
0 0 0 0 0 0 
0 0 0 0 0 0 

-1 -1 -1 -1 -1 -1 
-1 -1 -1 -1 -1 -1 
0 0 0 0 0 0 
0 0 0 0 0 0 
0 0 0 0 0 0 
0 0 0 0 0 0 

-1 -1 -1 -1 -1 -1 
-1 -1 -1 -1 -1 -1 
0 0 0 0 0 0 
0 0 0 0 0 0 
0 0 0 0 0 0 
0 0 0 0 0 0 

-1 -1 -1 -1 -1 -1 
-1 -1 -1 -1 -1 -1 
0 0 0 0 0 0 
0 0 0 0 0 0 
0 0 0 0 0 0 
0 0 0 0 0 0 

-1 -1 -1 -1 -1 -1 
-1 0 -1 -1 -1 -1 
0 -1 0 0 0 0 
0 0 0 0 0 0 
0 0 0 0 0 0 
0 0 0 0 0 0 

-1 -1 -1 -1 -1 -1 
-1 0 -1 -1 0 -1 
0 -1 0 -1 0 0 
0 0 0 0 0 0 
0 0 0 0 0 0 
0 0 0 0 0 0 

-1 -1 -1 -1 -1 0 
-1 0 -1 -1 -1 -1 
0 -1 0 -1 0 0 
0 0 0 0 0 0 
0 0 0 0 0 0 
0 0 0 0 0 0 

0 0 0 0 0 0 
0 0 0 0 0 0 
0 0 0 0 0 0 
0 0 0 0 0 0 
1 1 1 1 1 1 
1 1 1 1 1 1 

0 0 0 0 0 0 
0 0 0 0 0 0 
0 0 0 0 0 0 
0 0 0 0 0 0 
1 1 1 1 1 1 
1 1 1 1 1 1 

0 0 0 0 0 0 
0 0 0 0 0 0 
0 0 0 0 0 0 
0 0 0 0 0 0 
1 1 1 1 1 1 
1 1 1 1 1 1 

0 0 0 0 0 0 
0 0 0 0 0 0 
0 0 0 0 0 0 
0 0 0 0 0 0 
1 1 1 1 1 1 
1 1 1 1 1 1 

0 0 0 0 0 0 
0 0 0 0 0 0 
0 0 0 0 0 0 
0 0 0 0 0 0 
1 1 1 1 1 1 
1 1 1 1 1 1 

0 0 0 0 0 0 
0 0 0 0 0 0 
0 0 0 0 0 0 
1 0 0 0 0 0 
1 0 1 1 1 1 
1 1 1 1 1 1 

0 0 0 0 0 0 
0 0 0 0 0 0 
0 0 0 0 0 0 
1 0 0 0 1 0 
1 0 1 0 1 1 
1 1 1 1 1 1 

0 0 0 0 0 0 
0 0 0 0 0 0 
0 0 0 0 0 0 
1 0 0 0 0 1 
1 0 1 0 1 1 
1 1 1 1 1 1 

1 1 1 1 1 1 
1 1 1 1 1 1 
1 1 1 1 1 1 
1 1 1 1 1 1 
1 1 1 1 1 1 
1 1 1 1 1 1 

3 0 2 0 3 0 3 1 3 0 4 1 3 5 2 4 3 5 2 5 3 5 3 4 4 0 3 1 4 0 4 1 4 2 3 1 4 2 3 2 4 2 3 3 4 2 4 1 4 2 4 3 4 4 3 3 4 4 3 4 4 4 4 3 4 5 3 4 5 0 4 1 5 1 4 1 5 2 4 1 5 2 4 3 5 3 4 3 5 4 4 3 
0.75 0.686192 0.652632 0.777365 0.730205 0.710345 0.696498 0.666667 0.723602 0.724458 0.661765 0.742782 0.686192 0.65641 0.68 0.589147 0.579365 0.728097 0.711864 0.734463 0.740541 0.70438 0.627329 
0 0 0 0 0 0 
0 0 0 0 0 0 
0 0 0 0 0 0 
0 0 0 0 0 0 
1 1 1 1 1 1 
1 1 1 1 1 1 

0 0 0 0 0 0 
0 0 0 0 0 0 
0 0 0 0 0 0 
0 0 0 0 0 0 
1 1 1 1 1 1 
1 1 1 1 1 1 

0 0 0 0 0 0 
0 0 0 0 0 0 
0 0 0 0 0 0 
0 0 0 0 0 0 
1 1 1 1 1 1 
1 1 1 1 1 1 

0 0 0 0 0 0 
0 0 0 0 0 0 
0 0 0 0 0 0 
0 0 0 0 0 0 
1 1 1 1 1 1 
1 1 1 1 1 1 

0 0 0 0 0 0 
0 0 0 0 0 0 
0 0 0 0 0 0 
0 0 0 0 0 0 
1 1 1 1 1 1 
1 1 1 1 1 1 

0 0 0 0 0 0 
0 0 0 0 0 0 
0 0 0 0 0 0 
1 0 0 0 0 0 
1 0 1 1 1 1 
1 1 1 1 1 1 

0 0 0 0 0 0 
0 0 0 0 0 0 
0 0 0 0 0 0 
1 0 0 0 1 0 
1 0 1 0 1 1 
1 1 1 1 1 1 

0 0 0 0 0 0 
0 0 0 0 0 0 
0 0 0 0 0 0 
1 0 0 0 0 1 
1 0 1 0 1 1 
1 1 1 1 1 1 

-1 -1 -1 -1 -1 -1 
-1 -1 -1 -1 -1 -1 
0 0 0 0 0 0 
0 0 0 0 0 0 
0 0 0 0 0 0 
0 0 0 0 0 0 

-1 -1 -1 -1 -1 -1 
-1 -1 -1 -1 -1 -1 
0 0 0 0 0 0 
0 0 0 0 0 0 
0 0 0 0 0 0 
0 0 0 0 0 0 

-1 -1 -1 -1 -1 -1 
-1 -1 -1 -1 -1 -1 
0 0 0 0 0 0 
0 0 0 0 0 0 
0 0 0 0 0 0 
0 0 0 0 0 0 

-1 -1 -1 -1 -1 -1 
-1 -1 -1 -1 -1 -1 
0 0 0 0 0 0 
0 0 0 0 0 0 
0 0 0 0 0 0 
0 0 0 0 0 0 

-1 -1 -1 -1 -1 -1 
-1 0 -1 -1 -1 -1 
0 -1 0 0 0 0 
0 0 0 0 0 0 
0 0 0 0 0 0 
0 0 0 0 0 0 

-1 -1 -1 -1 -1 -1 
-1 0 -1 -1 0 -1 
0 -1 0 -1 0 0 
0 0 0 0 0 0 
0 0 0 0 0 0 
0 0 0 0 0 0 

-1 -1 -1 -1 -1 0 
-1 0 -1 -1 -1 -1 
0 -1 0 -1 0 0 
0 0 0 0 0 0 
0 0 0 0 0 0 
0 0 0 0 0 0 

-1 -1 -1 -1 -1 0 
-1 0 -1 -1 -1 -1 
0 -1 -1 0 0 0 
0 0 0 0 0 0 
0 0 0 0 0 0 
0 0 0 0 0 0 

-1 -1 -1 -1 -1 -1 
-1 -1 -1 -1 -1 -1 
-1 -1 -1 -1 -1 -1 
-1 -1 -1 -1 -1 -1 
-1 -1 -1 -1 -1 -1 
-1 -1 -1 -1 -1 -1 

0 3 2 4 0 0 1 1 0 1 1 1 0 2 1 1 0 4 0 5 1 0 1 1 1 0 2 0 1 2 1 1 1 2 2 3 1 3 2 3 1 4 0 5 1 4 2 3 1 4 2 5 1 5 0 5 1 5 2 5 2 1 1 1 2 1 2 0 2 1 3 1 2 1 3 2 2 2 1 1 2 2 2 3 2 2 3 1 2 2 3 2 2 2 3 3 
1.02415 0.640199 0.575107 0.352113 0.406593 0.492754 0.524096 0.395349 0.506667 0.52907 0.42268 0.649652 0.67029 0.560748 0.68915 0.492857 0.352113 0.466667 0.524096 0.371795 0.662028 0.629121 0.451327 0.43 
-1 -1 -1 -1 -1 -1 
-1 -1 -1 -1 -1 -1 
0 0 0 0 0 0 
0 0 0 0 0 0 
0 0 0 0 0 0 
0 0 0 0 0 0 

-1 -1 -1 -1 -1 -1 
-1 -1 -1 -1 -1 -1 
0 0 0 0 0 0 
0 0 0 0 0 0 
0 0 0 0 0 0 
0 0 0 0 0 0 

-1 -1 -1 -1 -1 -1 
-1 -1 -1 -1 -1 -1 
0 0 0 0 0 0 
0 0 0 0 0 0 
0 0 0 0 0 0 
0 0 0 0 0 0 

-1 -1 -1 -1 -1 -1 
-1 -1 -1 -1 -1 -1 
0 0 0 0 0 0 
0 0 0 0 0 0 
0 0 0 0 0 0 
0 0 0 0 0 0 

-1 -1 -1 -1 -1 -1 
-1 0 -1 -1 -1 -1 
0 -1 0 0 0 0 
0 0 0 0 0 0 
0 0 0 0 0 0 
0 0 0 0 0 0 

-1 -1 -1 -1 -1 -1 
-1 0 -1 -1 0 -1 
0 -1 0 -1 0 0 
0 0 0 0 0 0 
0 0 0 0 0 0 
0 0 0 0 0 0 

-1 -1 -1 -1 -1 0 
-1 0 -1 -1 -1 -1 
0 -1 0 -1 0 0 
0 0 0 0 0 0 
0 0 0 0 0 0 
0 0 0 0 0 0 

-1 -1 -1 -1 -1 0 
-1 0 -1 -1 -1 -1 
0 -1 -1 0 0 0 
0 0 0 0 0 0 
0 0 0 0 0 0 
0 0 0 0 0 0 

0 0 0 0 0 0 
0 0 0 0 0 0 
0 0 0 0 0 0 
0 0 0 0 0 0 
1 1 1 1 1 1 
1 1 1 1 1 1 

0 0 0 0 0 0 
0 0 0 0 0 0 
0 0 0 0 0 0 
0 0 0 0 0 0 
1 1 1 1 1 1 
1 1 1 1 1 1 

0 0 0 0 0 0 
0 0 0 0 0 0 
0 0 0 0 0 0 
0 0 0 0 0 0 
1 1 1 1 1 1 
1 1 1 1 1 1 

0 0 0 0 0 0 
0 0 0 0 0 0 
0 0 0 0 0 0 
0 0 0 0 0 0 
1 1 1 1 1 1 
1 1 1 1 1 1 

0 0 0 0 0 0 
0 0 0 0 0 0 
0 0 0 0 0 0 
1 0 0 0 0 0 
1 0 1 1 1 1 
1 1 1 1 1 1 

0 0 0 0 0 0 
0 0 0 0 0 0 
0 0 0 0 0 0 
1 0 0 0 1 0 
1 0 1 0 1 1 
1 1 1 1 1 1 

0 0 0 0 0 0 
0 0 0 0 0 0 
0 0 0 0 0 0 
1 0 0 0 0 1 
1 0 1 0 1 1 
1 1 1 1 1 1 

0 0 0 0 0 0 
0 0 0 0 0 0 
0 0 0 0 0 0 
1 0 0 0 0 0 
1 0 1 0 1 1 
1 1 1 1 1 1 

1 1 1 1 1 1 
1 1 1 1 1 1 
1 1 1 1 1 1 
1 1 1 1 1 1 
1 1 1 1 1 1 
1 1 1 1 1 1 

3 0 2 0 3 0 3 1 3 0 4 1 4 0 3 1 4 0 4 1 4 2 3 1 4 2 3 2 4 2 3 3 4 2 4 1 4 2 4 3 4 4 3 3 4 4 3 4 4 4 3 5 4 4 4 3 4 5 3 4 4 5 3 5 5 0 4 1 5 1 4 1 5 2 4 1 5 2 4 3 5 3 4 3 5 4 4 3 
0.825521 0.777344 0.715116 0.739796 0.738462 0.820163 0.790941 0.730159 0.882434 0.776471 0.765957 0.787234 0.846809 0.75 0.731183 0.746341 0.691275 0.807339 0.831707 0.825521 0.816384 0.709877 
0 0 0 0 0 0 
0 0 0 0 0 0 
0 0 0 0 0 0 
0 0 0 0 0 0 
1 1 1 1 1 1 
1 1 1 1 1 1 

0 0 0 0 0 0 
0 0 0 0 0 0 
0 0 0 0 0 0 
0 0 0 0 0 0 
1 1 1 1 1 1 
1 1 1 1 1 1 

0 0 0 0 0 0 
0 0 0 0 0 0 
0 0 0 0 0 0 
0 0 0 0 0 0 
1 1 1 1 1 1 
1 1 1 1 1 1 

0 0 0 0 0 0 
0 0 0 0 0 0 
0 0 0 0 0 0 
0 0 0 0 0 0 
1 1 1 1 1 1 
1 1 1 1 1 1 

0 0 0 0 0 0 
0 0 0 0 0 0 
0 0 0 0 0 0 
1 0 0 0 0 0 
1 0 1 1 1 1 
1 1 1 1 1 1 

0 0 0 0 0 0 
0 0 0 0 0 0 
0 0 0 0 0 0 
1 0 0 0 1 0 
1 0 1 0 1 1 
1 1 1 1 1 1 

0 0 0 0 0 0 
0 0 0 0 0 0 
0 0 0 0 0 0 
1 0 0 0 0 1 
1 0 1 0 1 1 
1 1 1 1 1 1 

0 0 0 0 0 0 
0 0 0 0 0 0 
0 0 0 0 0 0 
1 0 0 0 0 0 
1 0 1 0 1 1 
1 1 1 1 1 1 

-1 -1 -1 -1 -1 -1 
-1 -1 -1 -1 -1 -1 
0 0 0 0 0 0 
0 0 0 0 0 0 
0 0 0 0 0 0 
0 0 0 0 0 0 

-1 -1 -1 -1 -1 -1 
-1 -1 -1 -1 -1 -1 
0 0 0 0 0 0 
0 0 0 0 0 0 
0 0 0 0 0 0 
0 0 0 0 0 0 

-1 -1 -1 -1 -1 -1 
-1 -1 -1 -1 -1 -1 
0 0 0 0 0 0 
0 0 0 0 0 0 
0 0 0 0 0 0 
0 0 0 0 0 0 

-1 -1 -1 -1 -1 -1 
-1 0 -1 -1 -1 -1 
0 -1 0 0 0 0 
0 0 0 0 0 0 
0 0 0 0 0 0 
0 0 0 0 0 0 

-1 -1 -1 -1 -1 -1 
-1 0 -1 -1 0 -1 
0 -1 0 -1 0 0 
0 0 0 0 0 0 
0 0 0 0 0 0 
0 0 0 0 0 0 

-1 -1 -1 -1 -1 0 
-1 0 -1 -1 -1 -1 
0 -1 0 -1 0 0 
0 0 0 0 0 0 
0 0 0 0 0 0 
0 0 0 0 0 0 

-1 -1 -1 -1 -1 0 
-1 0 -1 -1 -1 -1 
0 -1 -1 0 0 0 
0 0 0 0 0 0 
0 0 0 0 0 0 
0 0 0 0 0 0 

-1 -1 -1 0 -1 0 
-1 0 -1 -1 -1 -1 
0 -1 -1 0 -1 0 
0 0 0 0 0 0 
0 0 0 0 0 0 
0 0 0 0 0 0 

-1 -1 -1 -1 -1 -1 
-1 -1 -1 -1 -1 -1 
-1 -1 -1 -1 -1 -1 
-1 -1 -1 -1 -1 -1 
-1 -1 -1 -1 -1 -1 
-1 -1 -1 -1 -1 -1 

0 0 1 1 0 1 1 1 0 2 0 3 0 2 1 1 0 4 0 3 0 4 0 5 1 0 1 1 1 0 2 0 1 2 0 3 1 2 1 1 1 2 2 3 1 3 0 3 1 3 2 3 1 4 0 3 1 4 0 5 1 4 2 3 1 4 2 5 1 5 0 5 1 5 2 5 2 1 1 1 2 1 2 0 2 1 3 1 2 1 3 2 2 2 1 1 2 2 2 3 2 2 3 1 2 2 3 2 2 2 3 3 2 4 2 3 2 4 2 5 2 4 3 3 2 4 3 4 2 4 3 5 
0.892116 0.855615 0.798507 0.80292 0.869565 0.80292 0.892116 0.793893 0.855615 0.815068 0.874419 0.865 0.876147 0.848649 0.847826 0.848649 0.818792 0.793893 0.900763 0.862944 0.835294 0.9 0.882096 0.823899 0.874419 0.902256 0.876147 0.8125 0.877273 0.84 0.863636 0.83908 0.916107 
-1 -1 -1 -1 -1 -1 
-1 -1 -1 -1 -1 -1 
0 0 0 0 0 0 
0 0 0 0 0 0 
0 0 0 0 0 0 
0 0 0 0 0 0 

-1 -1 -1 -1 -1 -1 
-1 -1 -1 -1 -1 -1 
0 0 0 0 0 0 
0 0 0 0 0 0 
0 0 0 0 0 0 
0 0 0 0 0 0 

-1 -1 -1 -1 -1 -1 
-1 -1 -1 -1 -1 -1 
0 0 0 0 0 0 
0 0 0 0 0 0 
0 0 0 0 0 0 
0 0 0 0 0 0 

-1 -1 -1 -1 -1 -1 
-1 0 -1 -1 -1 -1 
0 -1 0 0 0 0 
0 0 0 0 0 0 
0 0 0 0 0 0 
0 0 0 0 0 0 

-1 -1 -1 -1 -1 -1 
-1 0 -1 -1 0 -1 
0 -1 0 -1 0 0 
0 0 0 0 0 0 
0 0 0 0 0 0 
0 0 0 0 0 0 

-1 -1 -1 -1 -1 0 
-1 0 -1 -1 -1 -1 
0 -1 0 -1 0 0 
0 0 0 0 0 0 
0 0 0 0 0 0 
0 0 0 0 0 0 

-1 -1 -1 -1 -1 0 
-1 0 -1 -1 -1 -1 
0 -1 -1 0 0 0 
0 0 0 0 0 0 
0 0 0 0 0 0 
0 0 0 0 0 0 

-1 -1 -1 0 -1 0 
-1 0 -1 -1 -1 -1 
0 -1 -1 0 -1 0 
0 0 0 0 0 0 
0 0 0 0 0 0 
0 0 0 0 0 0 

0 0 0 0 0 0 
0 0 0 0 0 0 
0 0 0 0 0 0 
0 0 0 0 0 0 
1 1 1 1 1 1 
1 1 1 1 1 1 

0 0 0 0 0 0 
0 0 0 0 0 0 
0 0 0 0 0 0 
0 0 0 0 0 0 
1 1 1 1 1 1 
1 1 1 1 1 1 

0 0 0 0 0 0 
0 0 0 0 0 0 
0 0 0 0 0 0 
0 0 0 0 0 0 
1 1 1 1 1 1 
1 1 1 1 1 1 

0 0 0 0 0 0 
0 0 0 0 0 0 
0 0 0 0 0 0 
1 0 0 0 0 0 
1 0 1 1 1 1 
1 1 1 1 1 1 

0 0 0 0 0 0 
0 0 0 0 0 0 
0 0 0 0 0 0 
1 0 0 0 1 0 
1 0 1 0 1 1 
1 1 1 1 1 1 

0 0 0 0 0 0 
0 0 0 0 0 0 
0 0 0 0 0 0 
1 0 0 0 0 1 
1 0 1 0 1 1 
1 1 1 1 1 1 

0 0 0 0 0 0 
0 0 0 0 0 0 
0 0 0 0 0 0 
1 0 0 0 0 0 
1 0 1 0 1 1 
1 1 1 1 1 1 

0 0 0 0 0 0 
0 0 0 0 0 0 
0 0 0 0 0 0 
1 0 0 0 0 0 
1 1 0 0 1 1 
1 1 1 1 1 1 

1 1 1 1 1 1 
1 1 1 1 1 1 
1 1 1 1 1 1 
1 1 1 1 1 1 
1 1 1 1 1 1 
1 1 1 1 1 1 

5 3 3 5 3 0 2 0 3 0 3 1 4 0 3 1 4 1 3 1 4 1 3 2 4 1 4 2 4 4 3 3 4 4 3 4 4 4 4 3 4 5 3 4 5 1 4 2 5 2 4 2 5 2 4 3 5 3 4 2 5 3 4 3 5 4 4 3 
1.22597 0.941015 0.864048 0.839552 0.866469 0.868421 0.855263 0.864458 0.841727 0.798995 0.831373 0.855738 0.894253 0.961934 0.851351 0.884615 0.837736 
0 0 0 0 0 0 
0 0 0 0 0 0 
0 0 0 0 0 0 
0 0 0 0 0 0 
1 1 1 1 1 1 
1 1 1 1 1 1 

0 0 0 0 0 0 
0 0 0 0 0 0 
0 0 0 0 0 0 
0 0 0 0 0 0 
1 1 1 1 1 1 
1 1 1 1 1 1 

0 0 0 0 0 0 
0 0 0 0 0 0 
0 0 0 0 0 0 
0 0 0 0 0 0 
1 1 1 1 1 1 
1 1 1 1 1 1 

0 0 0 0 0 0 
0 0 0 0 0 0 
0 0 0 0 0 0 
1 0 0 0 0 0 
1 0 1 1 1 1 
1 1 1 1 1 1 

0 0 0 0 0 0 
0 0 0 0 0 0 
0 0 0 0 0 0 
1 0 0 0 1 0 
1 0 1 0 1 1 
1 1 1 1 1 1 

0 0 0 0 0 0 
0 0 0 0 0 0 
0 0 0 0 0 0 
1 0 0 0 0 1 
1 0 1 0 1 1 
1 1 1 1 1 1 

0 0 0 0 0 0 
0 0 0 0 0 0 
0 0 0 0 0 0 
1 0 0 0 0 0 
1 0 1 0 1 1 
1 1 1 1 1 1 

0 0 0 0 0 0 
0 0 0 0 0 0 
0 0 0 0 0 0 
1 0 0 0 0 0 
1 1 0 0 1 1 
1 1 1 1 1 1 

-1 -1 -1 -1 -1 -1 
-1 -1 -1 -1 -1 -1 
0 0 0 0 0 0 
0 0 0 0 0 0 
0 0 0 0 0 0 
0 0 0 0 0 0 

-1 -1 -1 -1 -1 -1 
-1 -1 -1 -1 -1 -1 
0 0 0 0 0 0 
0 0 0 0 0 0 
0 0 0 0 0 0 
0 0 0 0 0 0 

-1 -1 -1 -1 -1 -1 
-1 0 -1 -1 -1 -1 
0 -1 0 0 0 0 
0 0 0 0 0 0 
0 0 0 0 0 0 
0 0 0 0 0 0 

-1 -1 -1 -1 -1 -1 
-1 0 -1 -1 0 -1 
0 -1 0 -1 0 0 
0 0 0 0 0 0 
0 0 0 0 0 0 
0 0 0 0 0 0 

-1 -1 -1 -1 -1 0 
-1 0 -1 -1 -1 -1 
0 -1 0 -1 0 0 
0 0 0 0 0 0 
0 0 0 0 0 0 
0 0 0 0 0 0 

-1 -1 -1 -1 -1 0 
-1 0 -1 -1 -1 -1 
0 -1 -1 0 0 0 
0 0 0 0 0 0 
0 0 0 0 0 0 
0 0 0 0 0 0 

-1 -1 -1 0 -1 0 
-1 0 -1 -1 -1 -1 
0 -1 -1 0 -1 0 
0 0 0 0 0 0 
0 0 0 0 0 0 
0 0 0 0 0 0 

-1 -1 -1 0 -1 0 
-1 0 -1 -1 -1 -1 
0 -1 -1 0 0 0 
0 0 0 0 0 0 
0 0 0 0 0 0 
0 0 0 0 0 0 

-1 -1 -1 -1 -1 -1 
-1 -1 -1 -1 -1 -1 
-1 -1 -1 -1 -1 -1 
-1 -1 -1 -1 -1 -1 
-1 -1 -1 -1 -1 -1 
-1 -1 -1 -1 -1 -1 

1 3 3 5 0 0 1 1 0 1 1 1 0 2 0 3 0 2 1 1 0 4 0 3 0 4 0 5 1 0 1 1 1 0 2 0 1 2 0 3 1 2 1 1 1 2 2 3 1 3 0 3 1 3 2 3 1 3 2 4 1 4 0 3 1 4 0 5 1 4 2 3 1 4 2 4 1 4 2 5 1 5 0 5 1 5 2 4 1 5 2 5 2 1 1 1 2 1 2 0 2 1 3 1 2 1 3 2 2 2 1 1 2 2 2 3 2 2 3 1 2 2 3 2 2 2 3 3 
1.32181 0.676259 0.696203 0.709302 0.464286 0.690789 0.514706 0.710983 0.556962 0.722826 0.604167 0.741627 0.576471 0.571429 0.673913 0.710983 0.528571 0.773585 0.534247 0.534247 0.5 0.574713 0.622642 0.514706 0.556962 0.753304 0.754386 0.483333 0.744076 0.732323 0.716667 0.727749 
-1 -1 -1 -1 -1 -1 
-1 -1 -1 -1 -1 -1 
0 0 0 0 0 0 
0 0 0 0 0 0 
0 0 0 0 0 0 
0 0 0 0 0 0 

-1 -1 -1 -1 -1 -1 
-1 -1 -1 -1 -1 -1 
0 0 0 0 0 0 
0 0 0 0 0 0 
0 0 0 0 0 0 
0 0 0 0 0 0 

-1 -1 -1 -1 -1 -1 
-1 0 -1 -1 -1 -1 
0 -1 0 0 0 0 
0 0 0 0 0 0 
0 0 0 0 0 0 
0 0 0 0 0 0 

-1 -1 -1 -1 -1 -1 
-1 0 -1 -1 0 -1 
0 -1 0 -1 0 0 
0 0 0 0 0 0 
0 0 0 0 0 0 
0 0 0 0 0 0 

-1 -1 -1 -1 -1 0 
-1 0 -1 -1 -1 -1 
0 -1 0 -1 0 0 
0 0 0 0 0 0 
0 0 0 0 0 0 
0 0 0 0 0 0 

-1 -1 -1 -1 -1 0 
-1 0 -1 -1 -1 -1 
0 -1 -1 0 0 0 
0 0 0 0 0 0 
0 0 0 0 0 0 
0 0 0 0 0 0 

-1 -1 -1 0 -1 0 
-1 0 -1 -1 -1 -1 
0 -1 -1 0 -1 0 
0 0 0 0 0 0 
0 0 0 0 0 0 
0 0 0 0 0 0 

-1 -1 -1 0 -1 0 
-1 0 -1 -1 -1 -1 
0 -1 -1 0 0 0 
0 0 0 0 0 0 
0 0 0 0 0 0 
0 0 0 0 0 0 

0 0 0 0 0 0 
0 0 0 0 0 0 
0 0 0 0 0 0 
0 0 0 0 0 0 
1 1 1 1 1 1 
1 1 1 1 1 1 

0 0 0 0 0 0 
0 0 0 0 0 0 
0 0 0 0 0 0 
0 0 0 0 0 0 
1 1 1 1 1 1 
1 1 1 1 1 1 

0 0 0 0 0 0 
0 0 0 0 0 0 
0 0 0 0 0 0 
1 0 0 0 0 0 
1 0 1 1 1 1 
1 1 1 1 1 1 

0 0 0 0 0 0 
0 0 0 0 0 0 
0 0 0 0 0 0 
1 0 0 0 1 0 
1 0 1 0 1 1 
1 1 1 1 1 1 

0 0 0 0 0 0 
0 0 0 0 0 0 
0 0 0 0 0 0 
1 0 0 0 0 1 
1 0 1 0 1 1 
1 1 1 1 1 1 

0 0 0 0 0 0 
0 0 0 0 0 0 
0 0 0 0 0 0 
1 0 0 0 0 0 
1 0 1 0 1 1 
1 1 1 1 1 1 

0 0 0 0 0 0 
0 0 0 0 0 0 
0 0 0 0 0 0 
1 0 0 0 0 0 
1 1 0 0 1 1 
1 1 1 1 1 1 

0 0 0 0 0 0 
0 0 0 0 0 0 
0 0 0 0 0 0 
1 0 0 0 0 0 
1 1 0 0 1 1 
1 1 1 0 1 1 

1 1 1 1 1 1 
1 1 1 1 1 1 
1 1 1 1 1 1 
1 1 1 1 1 1 
1 1 1 1 1 1 
1 1 1 1 1 1 

3 0 2 0 3 0 3 1 4 0 3 1 4 1 3 1 4 1 3 2 4 1 4 2 4 4 3 3 4 4 3 4 4 4 4 3 4 4 5 3 4 5 3 4 5 1 4 2 5 2 4 2 5 2 4 3 5 2 5 3 5 4 4 3 5 4 5 3 
0.963025 0.913649 0.914127 0.888514 0.852679 0.887755 0.944099 0.861925 0.929742 0.852679 0.873077 0.899687 0.924242 0.965854 0.952919 0.938596 0.900312 
0 0 0 0 0 0 
0 0 0 0 0 0 
0 0 0 0 0 0 
0 0 0 0 0 0 
1 1 1 1 1 1 
1 1 1 1 1 1 

0 0 0 0 0 0 
0 0 0 0 0 0 
0 0 0 0 0 0 
0 0 0 0 0 0 
1 1 1 1 1 1 
1 1 1 1 1 1 

0 0 0 0 0 0 
0 0 0 0 0 0 
0 0 0 0 0 0 
1 0 0 0 0 0 
1 0 1 1 1 1 
1 1 1 1 1 1 

0 0 0 0 0 0 
0 0 0 0 0 0 
0 0 0 0 0 0 
1 0 0 0 1 0 
1 0 1 0 1 1 
1 1 1 1 1 1 

0 0 0 0 0 0 
0 0 0 0 0 0 
0 0 0 0 0 0 
1 0 0 0 0 1 
1 0 1 0 1 1 
1 1 1 1 1 1 

0 0 0 0 0 0 
0 0 0 0 0 0 
0 0 0 0 0 0 
1 0 0 0 0 0 
1 0 1 0 1 1 
1 1 1 1 1 1 

0 0 0 0 0 0 
0 0 0 0 0 0 
0 0 0 0 0 0 
1 0 0 0 0 0 
1 1 0 0 1 1 
1 1 1 1 1 1 

0 0 0 0 0 0 
0 0 0 0 0 0 
0 0 0 0 0 0 
1 0 0 0 0 0 
1 1 0 0 1 1 
1 1 1 0 1 1 

-1 -1 -1 -1 -1 -1 
-1 -1 -1 -1 -1 -1 
0 0 0 0 0 0 
0 0 0 0 0 0 
0 0 0 0 0 0 
0 0 0 0 0 0 

-1 -1 -1 -1 -1 -1 
-1 0 -1 -1 -1 -1 
0 -1 0 0 0 0 
0 0 0 0 0 0 
0 0 0 0 0 0 
0 0 0 0 0 0 

-1 -1 -1 -1 -1 -1 
-1 0 -1 -1 0 -1 
0 -1 0 -1 0 0 
0 0 0 0 0 0 
0 0 0 0 0 0 
0 0 0 0 0 0 

-1 -1 -1 -1 -1 0 
-1 0 -1 -1 -1 -1 
0 -1 0 -1 0 0 
0 0 0 0 0 0 
0 0 0 0 0 0 
0 0 0 0 0 0 

-1 -1 -1 -1 -1 0 
-1 0 -1 -1 -1 -1 
0 -1 -1 0 0 0 
0 0 0 0 0 0 
0 0 0 0 0 0 
0 0 0 0 0 0 

-1 -1 -1 0 -1 0 
-1 0 -1 -1 -1 -1 
0 -1 -1 0 -1 0 
0 0 0 0 0 0 
0 0 0 0 0 0 
0 0 0 0 0 0 

-1 -1 -1 0 -1 0 
-1 0 -1 -1 -1 -1 
0 -1 -1 0 0 0 
0 0 0 0 0 0 
0 0 0 0 0 0 
0 0 0 0 0 0 

-1 -1 -1 0 -1 0 
-1 0 -1 0 -1 -1 
0 -1 -1 0 0 0 
0 0 0 0 0 -1 
0 0 0 0 0 0 
0 0 0 0 0 0 

-1 -1 -1 -1 -1 -1 
-1 -1 -1 -1 -1 -1 
-1 -1 -1 -1 -1 -1 
-1 -1 -1 -1 -1 -1 
-1 -1 -1 -1 -1 -1 
-1 -1 -1 -1 -1 -1 

2 2 4 3 2 2 3 0 3 5 4 3 0 0 1 1 0 1 1 1 0 2 0 3 0 2 1 1 0 2 1 3 0 4 0 3 0 4 0 5 0 4 1 3 1 0 1 1 1 0 2 0 1 2 0 3 1 2 1 1 1 2 1 3 1 2 2 3 1 4 0 3 1 4 0 5 1 4 1 3 1 4 2 3 1 4 2 4 1 4 2 5 1 5 0 5 1 5 2 4 1 5 2 5 2 1 1 1 2 1 2 0 2 1 3 1 2 1 3 2 2 2 1 1 2 2 1 3 2 2 2 3 2 2 3 1 2 2 3 2 2 2 3 3 3 5 2 4 3 5 2 5 3 5 3 4 
1.3422 1.37804 1.36529 0.858333 0.858333 0.91411 0.839623 0.922156 0.909091 0.788235 0.932584 0.879699 0.895105 0.922156 0.883212 0.949749 0.922156 0.911392 0.806452 0.96347 0.932584 0.96347 0.883212 0.839623 0.969298 0.896552 0.884058 0.886525 0.921687 0.96347 0.96347 0.932584 0.941799 0.949749 0.941799 0.932584 0.82 0.839623 0.893617 
-1 -1 -1 -1 -1 -1 
-1 -1 -1 -1 -1 -1 
0 0 0 0 0 0 
0 0 0 0 0 0 
0 0 0 0 0 0 
0 0 0 0 0 0 

-1 -1 -1 -1 -1 -1 
-1 0 -1 -1 -1 -1 
0 -1 0 0 0 0 
0 0 0 0 0 0 
0 0 0 0 0 0 
0 0 0 0 0 0 

-1 -1 -1 -1 -1 -1 
-1 0 -1 -1 0 -1 
0 -1 0 -1 0 0 
0 0 0 0 0 0 
0 0 0 0 0 0 
0 0 0 0 0 0 

-1 -1 -1 -1 -1 0 
-1 0 -1 -1 -1 -1 
0 -1 0 -1 0 0 
0 0 0 0 0 0 
0 0 0 0 0 0 
0 0 0 0 0 0 

-1 -1 -1 -1 -1 0 
-1 0 -1 -1 -1 -1 
0 -1 -1 0 0 0 
0 0 0 0 0 0 
0 0 0 0 0 0 
0 0 0 0 0 0 

-1 -1 -1 0 -1 0 
-1 0 -1 -1 -1 -1 
0 -1 -1 0 -1 0 
0 0 0 0 0 0 
0 0 0 0 0 0 
0 0 0 0 0 0 

-1 -1 -1 0 -1 0 
-1 0 -1 -1 -1 -1 
0 -1 -1 0 0 0 
0 0 0 0 0 0 
0 0 0 0 0 0 
0 0 0 0 0 0 

-1 -1 -1 0 -1 0 
-1 0 -1 0 -1 -1 
0 -1 -1 0 0 0 
0 0 0 0 0 -1 
0 0 0 0 0 0 
0 0 0 0 0 0 

0 0 0 0 0 0 
0 0 0 0 0 0 
0 0 0 0 0 0 
0 0 0 0 0 0 
1 1 1 1 1 1 
1 1 1 1 1 1 

0 0 0 0 0 0 
0 0 0 0 0 0 
0 0 0 0 0 0 
1 0 0 0 0 0 
1 0 1 1 1 1 
1 1 1 1 1 1 

0 0 0 0 0 0 
0 0 0 0 0 0 
0 0 0 0 0 0 
1 0 0 0 1 0 
1 0 1 0 1 1 
1 1 1 1 1 1 

0 0 0 0 0 0 
0 0 0 0 0 0 
0 0 0 0 0 0 
1 0 0 0 0 1 
1 0 1 0 1 1 
1 1 1 1 1 1 

0 0 0 0 0 0 
0 0 0 0 0 0 
0 0 0 0 0 0 
1 0 0 0 0 0 
1 0 1 0 1 1 
1 1 1 1 1 1 

0 0 0 0 0 0 
0 0 0 0 0 0 
0 0 0 0 0 0 
1 0 0 0 0 0 
1 1 0 0 1 1 
1 1 1 1 1 1 

0 0 0 0 0 0 
0 0 0 0 0 0 
0 0 0 0 0 0 
1 0 0 0 0 0 
1 1 0 0 1 1 
1 1 1 0 1 1 

0 0 0 0 0 0 
0 0 0 0 0 0 
0 0 0 0 0 0 
0 0 0 0 0 0 
1 1 0 1 1 1 
1 1 0 0 1 1 

1 1 1 1 1 1 
1 1 1 1 1 1 
1 1 1 1 1 1 
1 1 1 1 1 1 
1 1 1 1 1 1 
1 1 1 1 1 1 

4 3 2 1 4 3 3 5 4 0 3 1 4 1 3 1 4 1 3 2 4 1 4 2 4 1 5 2 4 3 3 2 4 3 3 3 4 3 3 4 4 3 4 2 4 3 5 2 4 3 5 3 4 4 3 3 4 4 3 4 4 4 5 3 4 5 3 4 5 1 4 2 5 1 5 2 5 4 5 3 
1.3328 1.33058 0.994203 0.98773 0.994334 0.991071 0.98773 0.976744 0.976744 0.98773 0.997183 0.997183 0.991071 0.98773 0.98773 0.980769 0.972028 0.991071 0.98773 0.991071 
0 0 0 0 0 0 
0 0 0 0 0 0 
0 0 0 0 0 0 
0 0 0 0 0 0 
1 1 1 1 1 1 
1 1 1 1 1 1 

0 0 0 0 0 0 
0 0 0 0 0 0 
0 0 0 0 0 0 
1 0 0 0 0 0 
1 0 1 1 1 1 
1 1 1 1 1 1 

0 0 0 0 0 0 
0 0 0 0 0 0 
0 0 0 0 0 0 
1 0 0 0 1 0 
1 0 1 0 1 1 
1 1 1 1 1 1 

0 0 0 0 0 0 
0 0 0 0 0 0 
0 0 0 0 0 0 
1 0 0 0 0 1 
1 0 1 0 1 1 
1 1 1 1 1 1 

0 0 0 0 0 0 
0 0 0 0 0 0 
0 0 0 0 0 0 
1 0 0 0 0 0 
1 0 1 0 1 1 
1 1 1 1 1 1 

0 0 0 0 0 0 
0 0 0 0 0 0 
0 0 0 0 0 0 
1 0 0 0 0 0 
1 1 0 0 1 1 
1 1 1 1 1 1 

0 0 0 0 0 0 
0 0 0 0 0 0 
0 0 0 0 0 0 
1 0 0 0 0 0 
1 1 0 0 1 1 
1 1 1 0 1 1 

0 0 0 0 0 0 
0 0 0 0 0 0 
0 0 0 0 0 0 
0 0 0 0 0 0 
1 1 0 1 1 1 
1 1 0 0 1 1 

-1 -1 -1 -1 -1 -1 
-1 0 -1 -1 -1 -1 
0 -1 0 0 0 0 
0 0 0 0 0 0 
0 0 0 0 0 0 
0 0 0 0 0 0 

-1 -1 -1 -1 -1 -1 
-1 0 -1 -1 0 -1 
0 -1 0 -1 0 0 
0 0 0 0 0 0 
0 0 0 0 0 0 
0 0 0 0 0 0 

-1 -1 -1 -1 -1 0 
-1 0 -1 -1 -1 -1 
0 -1 0 -1 0 0 
0 0 0 0 0 0 
0 0 0 0 0 0 
0 0 0 0 0 0 

-1 -1 -1 -1 -1 0 
-1 0 -1 -1 -1 -1 
0 -1 -1 0 0 0 
0 0 0 0 0 0 
0 0 0 0 0 0 
0 0 0 0 0 0 

-1 -1 -1 0 -1 0 
-1 0 -1 -1 -1 -1 
0 -1 -1 0 -1 0 
0 0 0 0 0 0 
0 0 0 0 0 0 
0 0 0 0 0 0 

-1 -1 -1 0 -1 0 
-1 0 -1 -1 -1 -1 
0 -1 -1 0 0 0 
0 0 0 0 0 0 
0 0 0 0 0 0 
0 0 0 0 0 0 

-1 -1 -1 0 -1 0 
-1 0 -1 0 -1 -1 
0 -1 -1 0 0 0 
0 0 0 0 0 -1 
0 0 0 0 0 0 
0 0 0 0 0 0 

-1 -1 -1 0 -1 0 
-1 0 -1 0 -1 -1 
0 0 0 0 0 0 
-1 0 0 0 0 -1 
0 0 0 0 0 0 
0 0 0 0 0 0 

-1 -1 -1 -1 -1 -1 
-1 -1 -1 -1 -1 -1 
-1 -1 -1 -1 -1 -1 
-1 -1 -1 -1 -1 -1 
-1 -1 -1 -1 -1 -1 
-1 -1 -1 -1 -1 -1 

0 2 2 1 3 5 2 1 0 0 1 1 0 1 1 1 0 2 0 3 0 2 1 1 0 2 1 3 0 4 0 3 0 4 0 5 0 4 1 3 1 0 1 1 1 0 2 0 1 2 0 3 1 2 1 1 1 2 1 3 1 2 2 2 1 2 2 3 1 4 0 3 1 4 0 5 1 4 1 3 1 4 2 3 1 4 2 4 1 4 2 5 1 5 0 5 1 5 2 4 1 5 2 5 3 0 2 0 3 0 3 1 3 5 2 4 3 5 2 5 3 5 3 4 
1.36475 1.38176 0.96 0.93 0.933014 0.938967 0.938967 0.907514 0.852713 0.869565 0.93 0.959839 0.93 0.911602 0.919786 0.895706 0.953782 0.940092 0.908571 0.93 0.913043 0.93 0.93 0.914439 0.910615 0.941704 0.954545 0.923469 0.940909 0.95339 0.938967 
-1 -1 -1 -1 -1 -1 
-1 0 -1 -1 -1 -1 
0 -1 0 0 0 0 
0 0 0 0 0 0 
0 0 0 0 0 0 
0 0 0 0 0 0 

-1 -1 -1 -1 -1 -1 
-1 0 -1 -1 0 -1 
0 -1 0 -1 0 0 
0 0 0 0 0 0 
0 0 0 0 0 0 
0 0 0 0 0 0 

-1 -1 -1 -1 -1 0 
-1 0 -1 -1 -1 -1 
0 -1 0 -1 0 0 
0 0 0 0 0 0 
0 0 0 0 0 0 
0 0 0 0 0 0 

-1 -1 -1 -1 -1 0 
-1 0 -1 -1 -1 -1 
0 -1 -1 0 0 0 
0 0 0 0 0 0 
0 0 0 0 0 0 
0 0 0 0 0 0 

-1 -1 -1 0 -1 0 
-1 0 -1 -1 -1 -1 
0 -1 -1 0 -1 0 
0 0 0 0 0 0 
0 0 0 0 0 0 
0 0 0 0 0 0 

-1 -1 -1 0 -1 0 
-1 0 -1 -1 -1 -1 
0 -1 -1 0 0 0 
0 0 0 0 0 0 
0 0 0 0 0 0 
0 0 0 0 0 0 

-1 -1 -1 0 -1 0 
-1 0 -1 0 -1 -1 
0 -1 -1 0 0 0 
0 0 0 0 0 -1 
0 0 0 0 0 0 
0 0 0 0 0 0 

-1 -1 -1 0 -1 0 
-1 0 -1 0 -1 -1 
0 0 0 0 0 0 
-1 0 0 0 0 -1 
0 0 0 0 0 0 
0 0 0 0 0 0 

0 0 0 0 0 0 
0 0 0 0 0 0 
0 0 0 0 0 0 
1 0 0 0 0 0 
1 0 1 1 1 1 
1 1 1 1 1 1 

0 0 0 0 0 0 
0 0 0 0 0 0 
0 0 0 0 0 0 
1 0 0 0 1 0 
1 0 1 0 1 1 
1 1 1 1 1 1 

0 0 0 0 0 0 
0 0 0 0 0 0 
0 0 0 0 0 0 
1 0 0 0 0 1 
1 0 1 0 1 1 
1 1 1 1 1 1 

0 0 0 0 0 0 
0 0 0 0 0 0 
0 0 0 0 0 0 
1 0 0 0 0 0 
1 0 1 0 1 1 
1 1 1 1 1 1 

0 0 0 0 0 0 
0 0 0 0 0 0 
0 0 0 0 0 0 
1 0 0 0 0 0 
1 1 0 0 1 1 
1 1 1 1 1 1 

0 0 0 0 0 0 
0 0 0 0 0 0 
0 0 0 0 0 0 
1 0 0 0 0 0 
1 1 0 0 1 1 
1 1 1 0 1 1 

0 0 0 0 0 0 
0 0 0 0 0 0 
0 0 0 0 0 0 
0 0 0 0 0 0 
1 1 0 1 1 1 
1 1 0 0 1 1 

0 0 0 0 0 0 
0 0 0 0 0 0 
0 0 0 0 0 0 
0 0 0 0 0 0 
1 1 0 0 1 1 
1 1 0 0 1 1 

1 1 1 1 1 1 
1 1 1 1 1 1 
1 1 1 1 1 1 
1 1 1 1 1 1 
1 1 1 1 1 1 
1 1 1 1 1 1 

4 0 3 1 4 1 3 1 4 1 3 2 4 1 4 2 4 1 5 2 4 4 3 3 4 4 3 4 4 4 3 5 4 4 4 3 4 4 5 3 4 5 3 4 4 5 3 5 5 1 4 2 5 1 5 2 5 4 4 3 5 4 5 3 
0.995455 0.987745 0.990453 0.990431 0.987745 0.993007 0.987745 0.975138 0.987745 0.975138 0.987745 0.975138 0.993007 0.987745 0.990431 0.958466 
0 0 0 0 0 0 
0 0 0 0 0 0 
0 0 0 0 0 0 
1 0 0 0 0 0 
1 0 1 1 1 1 
1 1 1 1 1 1 

0 0 0 0 0 0 
0 0 0 0 0 0 
0 0 0 0 0 0 
1 0 0 0 1 0 
1 0 1 0 1 1 
1 1 1 1 1 1 

0 0 0 0 0 0 
0 0 0 0 0 0 
0 0 0 0 0 0 
1 0 0 0 0 1 
1 0 1 0 1 1 
1 1 1 1 1 1 

0 0 0 0 0 0 
0 0 0 0 0 0 
0 0 0 0 0 0 
1 0 0 0 0 0 
1 0 1 0 1 1 
1 1 1 1 1 1 

0 0 0 0 0 0 
0 0 0 0 0 0 
0 0 0 0 0 0 
1 0 0 0 0 0 
1 1 0 0 1 1 
1 1 1 1 1 1 

0 0 0 0 0 0 
0 0 0 0 0 0 
0 0 0 0 0 0 
1 0 0 0 0 0 
1 1 0 0 1 1 
1 1 1 0 1 1 

0 0 0 0 0 0 
0 0 0 0 0 0 
0 0 0 0 0 0 
0 0 0 0 0 0 
1 1 0 1 1 1 
1 1 0 0 1 1 

0 0 0 0 0 0 
0 0 0 0 0 0 
0 0 0 0 0 0 
0 0 0 0 0 0 
1 1 0 0 1 1 
1 1 0 0 1 1 

-1 -1 -1 -1 -1 -1 
-1 0 -1 -1 0 -1 
0 -1 0 -1 0 0 
0 0 0 0 0 0 
0 0 0 0 0 0 
0 0 0 0 0 0 

-1 -1 -1 -1 -1 0 
-1 0 -1 -1 -1 -1 
0 -1 0 -1 0 0 
0 0 0 0 0 0 
0 0 0 0 0 0 
0 0 0 0 0 0 

-1 -1 -1 -1 -1 0 
-1 0 -1 -1 -1 -1 
0 -1 -1 0 0 0 
0 0 0 0 0 0 
0 0 0 0 0 0 
0 0 0 0 0 0 

-1 -1 -1 0 -1 0 
-1 0 -1 -1 -1 -1 
0 -1 -1 0 -1 0 
0 0 0 0 0 0 
0 0 0 0 0 0 
0 0 0 0 0 0 

-1 -1 -1 0 -1 0 
-1 0 -1 -1 -1 -1 
0 -1 -1 0 0 0 
0 0 0 0 0 0 
0 0 0 0 0 0 
0 0 0 0 0 0 

-1 -1 -1 0 -1 0 
-1 0 -1 0 -1 -1 
0 -1 -1 0 0 0 
0 0 0 0 0 -1 
0 0 0 0 0 0 
0 0 0 0 0 0 

-1 -1 -1 0 -1 0 
-1 0 -1 0 -1 -1 
0 0 0 0 0 0 
-1 0 0 0 0 -1 
0 0 0 0 0 0 
0 0 0 0 0 0 

-1 -1 -1 0 -1 0 
-1 0 -1 0 -1 -1 
0 -1 0 0 0 0 
-1 0 0 0 0 0 
0 0 0 0 0 0 
0 0 0 0 0 0 

-1 -1 -1 -1 -1 -1 
-1 -1 -1 -1 -1 -1 
-1 -1 -1 -1 -1 -1 
-1 -1 -1 -1 -1 -1 
-1 -1 -1 -1 -1 -1 
-1 -1 -1 -1 -1 -1 

2 1 3 1 0 0 1 1 0 1 1 1 0 2 0 3 0 2 1 1 0 2 1 3 0 4 0 3 0 4 0 5 0 4 1 3 1 0 1 1 1 0 2 0 1 2 0 3 1 2 1 1 1 2 1 3 1 2 2 2 1 2 2 3 1 4 0 3 1 4 0 5 1 4 1 3 1 4 2 3 1 4 2 4 1 4 2 5 1 5 0 5 1 5 2 4 1 5 2 5 2 1 1 1 2 1 2 0 2 1 2 2 2 1 3 2 3 0 2 0 3 0 4 0 
1.39483 0.973214 0.9375 0.967442 0.902778 0.960976 0.968468 0.915584 0.973214 0.978448 0.954082 0.973214 0.967442 0.973214 0.967442 0.946237 0.956098 0.930636 0.960976 0.967442 0.954082 0.94086 0.946237 0.983402 0.954082 0.978448 0.960976 0.960976 0.996241 0.961353 0.916129 
-1 -1 -1 -1 -1 -1 
-1 0 -1 -1 0 -1 
0 -1 0 -1 0 0 
0 0 0 0 0 0 
0 0 0 0 0 0 
0 0 0 0 0 0 

-1 -1 -1 -1 -1 0 
-1 0 -1 -1 -1 -1 
0 -1 0 -1 0 0 
0 0 0 0 0 0 
0 0 0 0 0 0 
0 0 0 0 0 0 

-1 -1 -1 -1 -1 0 
-1 0 -1 -1 -1 -1 
0 -1 -1 0 0 0 
0 0 0 0 0 0 
0 0 0 0 0 0 
0 0 0 0 0 0 

-1 -1 -1 0 -1 0 
-1 0 -1 -1 -1 -1 
0 -1 -1 0 -1 0 
0 0 0 0 0 0 
0 0 0 0 0 0 
0 0 0 0 0 0 

-1 -1 -1 0 -1 0 
-1 0 -1 -1 -1 -1 
0 -1 -1 0 0 0 
0 0 0 0 0 0 
0 0 0 0 0 0 
0 0 0 0 0 0 

-1 -1 -1 0 -1 0 
-1 0 -1 0 -1 -1 
0 -1 -1 0 0 0 
0 0 0 0 0 -1 
0 0 0 0 0 0 
0 0 0 0 0 0 

-1 -1 -1 0 -1 0 
-1 0 -1 0 -1 -1 
0 0 0 0 0 0 
-1 0 0 0 0 -1 
0 0 0 0 0 0 
0 0 0 0 0 0 

-1 -1 -1 0 -1 0 
-1 0 -1 0 -1 -1 
0 -1 0 0 0 0 
-1 0 0 0 0 0 
0 0 0 0 0 0 
0 0 0 0 0 0 

0 0 0 0 0 0 
0 0 0 0 0 0 
0 0 0 0 0 0 
1 0 0 0 1 0 
1 0 1 0 1 1 
1 1 1 1 1 1 

0 0 0 0 0 0 
0 0 0 0 0 0 
0 0 0 0 0 0 
1 0 0 0 0 1 
1 0 1 0 1 1 
1 1 1 1 1 1 

0 0 0 0 0 0 
0 0 0 0 0 0 
0 0 0 0 0 0 
1 0 0 0 0 0 
1 0 1 0 1 1 
1 1 1 1 1 1 

0 0 0 0 0 0 
0 0 0 0 0 0 
0 0 0 0 0 0 
1 0 0 0 0 0 
1 1 0 0 1 1 
1 1 1 1 1 1 

0 0 0 0 0 0 
0 0 0 0 0 0 
0 0 0 0 0 0 
1 0 0 0 0 0 
1 1 0 0 1 1 
1 1 1 0 1 1 

0 0 0 0 0 0 
0 0 0 0 0 0 
0 0 0 0 0 0 
0 0 0 0 0 0 
1 1 0 1 1 1 
1 1 0 0 1 1 

0 0 0 0 0 0 
0 0 0 0 0 0 
0 0 0 0 0 0 
0 0 0 0 0 0 
1 1 0 0 1 1 
1 1 0 0 1 1 

0 0 0 0 0 0 
0 0 0 0 0 0 
0 0 0 0 0 0 
0 0 0 0 0 0 
0 1 0 0 1 1 
1 1 0 0 1 1 

1 1 1 1 1 1 
1 1 1 1 1 1 
1 1 1 1 1 1 
1 1 1 1 1 1 
1 1 1 1 1 1 
1 1 1 1 1 1 

4 1 3 2 4 1 4 0 4 1 4 2 4 1 5 2 4 4 3 3 4 4 3 4 4 4 3 5 4 4 4 3 4 4 5 3 4 5 3 4 4 5 3 5 5 0 4 0 5 1 4 0 5 1 4 2 5 1 5 2 5 4 4 3 5 4 5 3 
0.997449 0.997449 0.985836 0.989071 0.997449 0.988981 0.991957 0.997449 0.997449 0.991957 0.979532 0.997475 0.994778 0.988981 0.997449 0.988981 0.991957 
0 0 0 0 0 0 
0 0 0 0 0 0 
0 0 0 0 0 0 
1 0 0 0 1 0 
1 0 1 0 1 1 
1 1 1 1 1 1 

0 0 0 0 0 0 
0 0 0 0 0 0 
0 0 0 0 0 0 
1 0 0 0 0 1 
1 0 1 0 1 1 
1 1 1 1 1 1 

0 0 0 0 0 0 
0 0 0 0 0 0 
0 0 0 0 0 0 
1 0 0 0 0 0 
1 0 1 0 1 1 
1 1 1 1 1 1 

0 0 0 0 0 0 
0 0 0 0 0 0 
0 0 0 0 0 0 
1 0 0 0 0 0 
1 1 0 0 1 1 
1 1 1 1 1 1 

0 0 0 0 0 0 
0 0 0 0 0 0 
0 0 0 0 0 0 
1 0 0 0 0 0 
1 1 0 0 1 1 
1 1 1 0 1 1 

0 0 0 0 0 0 
0 0 0 0 0 0 
0 0 0 0 0 0 
0 0 0 0 0 0 
1 1 0 1 1 1 
1 1 0 0 1 1 

0 0 0 0 0 0 
0 0 0 0 0 0 
0 0 0 0 0 0 
0 0 0 0 0 0 
1 1 0 0 1 1 
1 1 0 0 1 1 

0 0 0 0 0 0 
0 0 0 0 0 0 
0 0 0 0 0 0 
0 0 0 0 0 0 
0 1 0 0 1 1 
1 1 0 0 1 1 

-1 -1 -1 -1 -1 0 
-1 0 -1 -1 -1 -1 
0 -1 0 -1 0 0 
0 0 0 0 0 0 
0 0 0 0 0 0 
0 0 0 0 0 0 

-1 -1 -1 -1 -1 0 
-1 0 -1 -1 -1 -1 
0 -1 -1 0 0 0 
0 0 0 0 0 0 
0 0 0 0 0 0 
0 0 0 0 0 0 

-1 -1 -1 0 -1 0 
-1 0 -1 -1 -1 -1 
0 -1 -1 0 -1 0 
0 0 0 0 0 0 
0 0 0 0 0 0 
0 0 0 0 0 0 

-1 -1 -1 0 -1 0 
-1 0 -1 -1 -1 -1 
0 -1 -1 0 0 0 
0 0 0 0 0 0 
0 0 0 0 0 0 
0 0 0 0 0 0 

-1 -1 -1 0 -1 0 
-1 0 -1 0 -1 -1 
0 -1 -1 0 0 0 
0 0 0 0 0 -1 
0 0 0 0 0 0 
0 0 0 0 0 0 

-1 -1 -1 0 -1 0 
-1 0 -1 0 -1 -1 
0 0 0 0 0 0 
-1 0 0 0 0 -1 
0 0 0 0 0 0 
0 0 0 0 0 0 

-1 -1 -1 0 -1 0 
-1 0 -1 0 -1 -1 
0 -1 0 0 0 0 
-1 0 0 0 0 0 
0 0 0 0 0 0 
0 0 0 0 0 0 

-1 -1 -1 0 -1 0 
-1 0 -1 0 -1 -1 
0 0 0 0 0 0 
-1 -1 0 0 0 0 
0 0 0 0 0 0 
0 0 0 0 0 0 

-1 -1 -1 -1 -1 -1 
-1 -1 -1 -1 -1 -1 
-1 -1 -1 -1 -1 -1 
-1 -1 -1 -1 -1 -1 
-1 -1 -1 -1 -1 -1 
-1 -1 -1 -1 -1 -1 

0 0 1 1 0 1 1 1 0 2 0 3 0 2 1 1 0 2 1 3 0 4 0 3 0 4 0 5 0 4 1 3 1 0 1 1 1 0 2 0 1 0 2 1 1 2 0 3 1 2 1 1 1 2 1 3 1 2 2 1 1 2 2 2 1 2 2 3 1 4 0 3 1 4 0 5 1 4 1 3 1 4 2 3 1 4 2 4 1 4 2 5 1 5 0 5 1 5 2 4 1 5 2 5 3 0 2 0 3 0 2 1 3 1 2 0 3 1 2 1 3 1 2 2 3 1 3 2 3 1 4 2 
0.994872 0.989529 1 0.994872 0.994872 0.976879 0.995025 0.976879 1 1 0.994872 1 0.976879 0.994872 0.989362 1 0.994872 0.994872 0.994872 0.983425 1 0.994872 0.989362 0.989362 1 1 0.994872 1 0.989362 0.994872 0.994872 1 1 
-1 -1 -1 -1 -1 0 
-1 0 -1 -1 -1 -1 
0 -1 0 -1 0 0 
0 0 0 0 0 0 
0 0 0 0 0 0 
0 0 0 0 0 0 

-1 -1 -1 -1 -1 0 
-1 0 -1 -1 -1 -1 
0 -1 -1 0 0 0 
0 0 0 0 0 0 
0 0 0 0 0 0 
0 0 0 0 0 0 

-1 -1 -1 0 -1 0 
-1 0 -1 -1 -1 -1 
0 -1 -1 0 -1 0 
0 0 0 0 0 0 
0 0 0 0 0 0 
0 0 0 0 0 0 

-1 -1 -1 0 -1 0 
-1 0 -1 -1 -1 -1 
0 -1 -1 0 0 0 
0 0 0 0 0 0 
0 0 0 0 0 0 
0 0 0 0 0 0 

-1 -1 -1 0 -1 0 
-1 0 -1 0 -1 -1 
0 -1 -1 0 0 0 
0 0 0 0 0 -1 
0 0 0 0 0 0 
0 0 0 0 0 0 

-1 -1 -1 0 -1 0 
-1 0 -1 0 -1 -1 
0 0 0 0 0 0 
-1 0 0 0 0 -1 
0 0 0 0 0 0 
0 0 0 0 0 0 

-1 -1 -1 0 -1 0 
-1 0 -1 0 -1 -1 
0 -1 0 0 0 0 
-1 0 0 0 0 0 
0 0 0 0 0 0 
0 0 0 0 0 0 

-1 -1 -1 0 -1 0 
-1 0 -1 0 -1 -1 
0 0 0 0 0 0 
-1 -1 0 0 0 0 
0 0 0 0 0 0 
0 0 0 0 0 0 

0 0 0 0 0 0 
0 0 0 0 0 0 
0 0 0 0 0 0 
1 0 0 0 0 1 
1 0 1 0 1 1 
1 1 1 1 1 1 

0 0 0 0 0 0 
0 0 0 0 0 0 
0 0 0 0 0 0 
1 0 0 0 0 0 
1 0 1 0 1 1 
1 1 1 1 1 1 

0 0 0 0 0 0 
0 0 0 0 0 0 
0 0 0 0 0 0 
1 0 0 0 0 0 
1 1 0 0 1 1 
1 1 1 1 1 1 

0 0 0 0 0 0 
0 0 0 0 0 0 
0 0 0 0 0 0 
1 0 0 0 0 0 
1 1 0 0 1 1 
1 1 1 0 1 1 

0 0 0 0 0 0 
0 0 0 0 0 0 
0 0 0 0 0 0 
0 0 0 0 0 0 
1 1 0 1 1 1 
1 1 0 0 1 1 

0 0 0 0 0 0 
0 0 0 0 0 0 
0 0 0 0 0 0 
0 0 0 0 0 0 
1 1 0 0 1 1 
1 1 0 0 1 1 

0 0 0 0 0 0 
0 0 0 0 0 0 
0 0 0 0 0 0 
0 0 0 0 0 0 
0 1 0 0 1 1 
1 1 0 0 1 1 

0 0 0 0 0 0 
0 0 0 0 0 0 
0 0 0 0 0 0 
0 0 0 0 0 0 
1 1 0 0 1 1 
0 1 0 0 1 1 

1 1 1 1 1 1 
1 1 1 1 1 1 
1 1 1 1 1 1 
1 1 1 1 1 1 
1 1 1 1 1 1 
1 1 1 1 1 1 

4 0 5 0 4 1 3 2 4 1 4 2 4 1 5 0 4 1 5 2 4 4 3 3 4 4 3 4 4 4 3 5 4 4 4 3 4 4 5 3 4 5 3 4 4 5 3 5 5 1 4 2 5 1 5 0 5 1 5 2 5 4 4 3 5 4 5 3 
0.992042 0.989101 1 0.994832 0.994832 0.971246 0.989101 0.992042 0.992042 0.997475 0.994832 0.985955 0.992042 0.997475 0.997475 0.989101 0.989101 
0 0 0 0 0 0 
0 0 0 0 0 0 
0 0 0 0 0 0 
1 0 0 0 0 1 
1 0 1 0 1 1 
1 1 1 1 1 1 

0 0 0 0 0 0 
0 0 0 0 0 0 
0 0 0 0 0 0 
1 0 0 0 0 0 
1 0 1 0 1 1 
1 1 1 1 1 1 

0 0 0 0 0 0 
0 0 0 0 0 0 
0 0 0 0 0 0 
1 0 0 0 0 0 
1 1 0 0 1 1 
1 1 1 1 1 1 

0 0 0 0 0 0 
0 0 0 0 0 0 
0 0 0 0 0 0 
1 0 0 0 0 0 
1 1 0 0 1 1 
1 1 1 0 1 1 

0 0 0 0 0 0 
0 0 0 0 0 0 
0 0 0 0 0 0 
0 0 0 0 0 0 
1 1 0 1 1 1 
1 1 0 0 1 1 

0 0 0 0 0 0 
0 0 0 0 0 0 
0 0 0 0 0 0 
0 0 0 0 0 0 
1 1 0 0 1 1 
1 1 0 0 1 1 

0 0 0 0 0 0 
0 0 0 0 0 0 
0 0 0 0 0 0 
0 0 0 0 0 0 
0 1 0 0 1 1 
1 1 0 0 1 1 

0 0 0 0 0 0 
0 0 0 0 0 0 
0 0 0 0 0 0 
0 0 0 0 0 0 
1 1 0 0 1 1 
0 1 0 0 1 1 

-1 -1 -1 -1 -1 0 
-1 0 -1 -1 -1 -1 
0 -1 -1 0 0 0 
0 0 0 0 0 0 
0 0 0 0 0 0 
0 0 0 0 0 0 

-1 -1 -1 0 -1 0 
-1 0 -1 -1 -1 -1 
0 -1 -1 0 -1 0 
0 0 0 0 0 0 
0 0 0 0 0 0 
0 0 0 0 0 0 

-1 -1 -1 0 -1 0 
-1 0 -1 -1 -1 -1 
0 -1 -1 0 0 0 
0 0 0 0 0 0 
0 0 0 0 0 0 
0 0 0 0 0 0 

-1 -1 -1 0 -1 0 
-1 0 -1 0 -1 -1 
0 -1 -1 0 0 0 
0 0 0 0 0 -1 
0 0 0 0 0 0 
0 0 0 0 0 0 

-1 -1 -1 0 -1 0 
-1 0 -1 0 -1 -1 
0 0 0 0 0 0 
-1 0 0 0 0 -1 
0 0 0 0 0 0 
0 0 0 0 0 0 

-1 -1 -1 0 -1 0 
-1 0 -1 0 -1 -1 
0 -1 0 0 0 0 
-1 0 0 0 0 0 
0 0 0 0 0 0 
0 0 0 0 0 0 

-1 -1 -1 0 -1 0 
-1 0 -1 0 -1 -1 
0 0 0 0 0 0 
-1 -1 0 0 0 0 
0 0 0 0 0 0 
0 0 0 0 0 0 

-1 -1 0 -1 -1 0 
-1 0 -1 0 -1 -1 
0 0 0 0 0 0 
-1 -1 0 0 0 0 
0 0 0 0 0 0 
0 0 0 0 0 0 

-1 -1 -1 -1 -1 -1 
-1 -1 -1 -1 -1 -1 
-1 -1 -1 -1 -1 -1 
-1 -1 -1 -1 -1 -1 
-1 -1 -1 -1 -1 -1 
-1 -1 -1 -1 -1 -1 

3 0 4 2 0 0 1 1 0 1 0 2 0 1 1 1 0 3 0 2 0 3 1 3 0 4 0 5 0 4 1 3 1 0 1 1 1 0 2 0 1 0 2 1 1 2 0 2 1 2 1 1 1 2 1 3 1 2 2 1 1 2 2 2 1 2 2 3 1 4 0 5 1 4 1 3 1 4 2 3 1 4 2 4 1 4 2 5 1 5 0 5 1 5 2 4 1 5 2 5 3 0 2 0 3 0 2 1 3 0 4 1 3 1 2 0 3 1 2 1 3 1 2 2 3 1 3 2 3 1 4 1 
1.38721 0.97449 0.848485 0.960894 0.995575 0.985782 0.952941 0.967914 0.97449 0.980861 0.995575 0.980392 0.954802 0.995575 0.980392 0.969388 0.960894 0.961326 0.967914 0.980392 0.980296 0.960894 0.955307 0.980296 0.980296 0.980296 0.995575 0.961111 0.960894 0.980296 0.985782 0.980296 0.934211 
-1 -1 -1 -1 -1 0 
-1 0 -1 -1 -1 -1 
0 -1 -1 0 0 0 
0 0 0 0 0 0 
0 0 0 0 0 0 
0 0 0 0 0 0 

-1 -1 -1 0 -1 0 
-1 0 -1 -1 -1 -1 
0 -1 -1 0 -1 0 
0 0 0 0 0 0 
0 0 0 0 0 0 
0 0 0 0 0 0 

-1 -1 -1 0 -1 0 
-1 0 -1 -1 -1 -1 
0 -1 -1 0 0 0 
0 0 0 0 0 0 
0 0 0 0 0 0 
0 0 0 0 0 0 

-1 -1 -1 0 -1 0 
-1 0 -1 0 -1 -1 
0 -1 -1 0 0 0 
0 0 0 0 0 -1 
0 0 0 0 0 0 
0 0 0 0 0 0 

-1 -1 -1 0 -1 0 
-1 0 -1 0 -1 -1 
0 0 0 0 0 0 
-1 0 0 0 0 -1 
0 0 0 0 0 0 
0 0 0 0 0 0 

-1 -1 -1 0 -1 0 
-1 0 -1 0 -1 -1 
0 -1 0 0 0 0 
-1 0 0 0 0 0 
0 0 0 0 0 0 
0 0 0 0 0 0 

-1 -1 -1 0 -1 0 
-1 0 -1 0 -1 -1 
0 0 0 0 0 0 
-1 -1 0 0 0 0 
0 0 0 0 0 0 
0 0 0 0 0 0 

-1 -1 0 -1 -1 0 
-1 0 -1 0 -1 -1 
0 0 0 0 0 0 
-1 -1 0 0 0 0 
0 0 0 0 0 0 
0 0 0 0 0 0 

0 0 0 0 0 0 
0 0 0 0 0 0 
0 0 0 0 0 0 
1 0 0 0 0 0 
1 0 1 0 1 1 
1 1 1 1 1 1 

0 0 0 0 0 0 
0 0 0 0 0 0 
0 0 0 0 0 0 
1 0 0 0 0 0 
1 1 0 0 1 1 
1 1 1 1 1 1 

0 0 0 0 0 0 
0 0 0 0 0 0 
0 0 0 0 0 0 
1 0 0 0 0 0 
1 1 0 0 1 1 
1 1 1 0 1 1 

0 0 0 0 0 0 
0 0 0 0 0 0 
0 0 0 0 0 0 
0 0 0 0 0 0 
1 1 0 1 1 1 
1 1 0 0 1 1 

0 0 0 0 0 0 
0 0 0 0 0 0 
0 0 0 0 0 0 
0 0 0 0 0 0 
1 1 0 0 1 1 
1 1 0 0 1 1 

0 0 0 0 0 0 
0 0 0 0 0 0 
0 0 0 0 0 0 
0 0 0 0 0 0 
0 1 0 0 1 1 
1 1 0 0 1 1 

0 0 0 0 0 0 
0 0 0 0 0 0 
0 0 0 0 0 0 
0 0 0 0 0 0 
1 1 0 0 1 1 
0 1 0 0 1 1 

0 0 0 0 0 0 
0 0 0 0 0 0 
0 0 0 0 0 0 
0 0 0 0 0 0 
1 0 0 0 1 1 
0 1 0 0 1 1 

1 1 1 1 1 1 
1 1 1 1 1 1 
1 1 1 1 1 1 
1 1 1 1 1 1 
1 1 1 1 1 1 
1 1 1 1 1 1 

4 0 3 0 4 0 4 1 4 0 5 0 4 4 3 3 4 4 3 4 4 4 3 5 4 4 4 3 4 4 5 3 4 5 3 4 4 5 3 5 5 1 4 1 5 1 5 0 5 1 5 2 5 4 4 3 5 4 5 3 
0.997664 0.992683 0.997664 0.997664 0.995215 0.995215 1 0.997664 1 1 0.997664 1 0.997664 0.995204 0.995204 
0 0 0 0 0 0 
0 0 0 0 0 0 
0 0 0 0 0 0 
1 0 0 0 0 0 
1 0 1 0 1 1 
1 1 1 1 1 1 

0 0 0 0 0 0 
0 0 0 0 0 0 
0 0 0 0 0 0 
1 0 0 0 0 0 
1 1 0 0 1 1 
1 1 1 1 1 1 

0 0 0 0 0 0 
0 0 0 0 0 0 
0 0 0 0 0 0 
1 0 0 0 0 0 
1 1 0 0 1 1 
1 1 1 0 1 1 

0 0 0 0 0 0 
0 0 0 0 0 0 
0 0 0 0 0 0 
0 0 0 0 0 0 
1 1 0 1 1 1 
1 1 0 0 1 1 

0 0 0 0 0 0 
0 0 0 0 0 0 
0 0 0 0 0 0 
0 0 0 0 0 0 
1 1 0 0 1 1 
1 1 0 0 1 1 

0 0 0 0 0 0 
0 0 0 0 0 0 
0 0 0 0 0 0 
0 0 0 0 0 0 
0 1 0 0 1 1 
1 1 0 0 1 1 

0 0 0 0 0 0 
0 0 0 0 0 0 
0 0 0 0 0 0 
0 0 0 0 0 0 
1 1 0 0 1 1 
0 1 0 0 1 1 

0 0 0 0 0 0 
0 0 0 0 0 0 
0 0 0 0 0 0 
0 0 0 0 0 0 
1 0 0 0 1 1 
0 1 0 0 1 1 

-1 -1 -1 0 -1 0 
-1 0 -1 -1 -1 -1 
0 -1 -1 0 -1 0 
0 0 0 0 0 0 
0 0 0 0 0 0 
0 0 0 0 0 0 

-1 -1 -1 0 -1 0 
-1 0 -1 -1 -1 -1 
0 -1 -1 0 0 0 
0 0 0 0 0 0 
0 0 0 0 0 0 
0 0 0 0 0 0 

-1 -1 -1 0 -1 0 
-1 0 -1 0 -1 -1 
0 -1 -1 0 0 0 
0 0 0 0 0 -1 
0 0 0 0 0 0 
0 0 0 0 0 0 

-1 -1 -1 0 -1 0 
-1 0 -1 0 -1 -1 
0 0 0 0 0 0 
-1 0 0 0 0 -1 
0 0 0 0 0 0 
0 0 0 0 0 0 

-1 -1 -1 0 -1 0 
-1 0 -1 0 -1 -1 
0 -1 0 0 0 0 
-1 0 0 0 0 0 
0 0 0 0 0 0 
0 0 0 0 0 0 

-1 -1 -1 0 -1 0 
-1 0 -1 0 -1 -1 
0 0 0 0 0 0 
-1 -1 0 0 0 0 
0 0 0 0 0 0 
0 0 0 0 0 0 

-1 -1 0 -1 -1 0 
-1 0 -1 0 -1 -1 
0 0 0 0 0 0 
-1 -1 0 0 0 0 
0 0 0 0 0 0 
0 0 0 0 0 0 

-1 -1 0 -1 -1 0 
-1 0 -1 0 -1 -1 
0 0 0 0 0 0 
0 -1 0 0 0 0 
0 0 -1 0 0 0 
0 0 0 0 0 0 

-1 -1 -1 -1 -1 -1 
-1 -1 -1 -1 -1 -1 
-1 -1 -1 -1 -1 -1 
-1 -1 -1 -1 -1 -1 
-1 -1 -1 -1 -1 -1 
-1 -1 -1 -1 -1 -1 

3 1 4 3 0 0 1 1 0 1 0 2 0 1 1 1 0 3 0 2 0 3 1 3 0 4 0 5 0 4 1 3 1 0 1 1 1 0 2 0 1 0 2 1 1 2 0 2 1 2 1 1 1 2 1 3 1 2 2 1 1 2 2 2 1 2 2 3 1 4 0 5 1 4 1 3 1 4 2 3 1 4 2 4 1 4 2 5 1 5 0 5 1 5 2 4 1 5 2 5 3 1 2 0 3 1 2 1 3 1 2 2 3 1 3 0 3 1 3 2 3 1 4 1 4 2 3 2 4 2 3 3 4 2 4 1 4 2 5 2 4 2 5 3 
1.39271 0.989247 0.931818 0.969512 0.994792 0.989247 0.952703 0.989247 1 1 0.989247 0.994792 0.969512 0.989189 0.989189 0.976608 0.983146 0.976608 0.989189 0.989189 0.994792 0.976608 0.976608 0.994792 0.976608 0.969512 0.994792 0.989189 0.994792 0.994792 0.931818 0.976608 0.994792 0.969512 0.952703 0.989189 
-1 -1 -1 0 -1 0 
-1 0 -1 -1 -1 -1 
0 -1 -1 0 -1 0 
0 0 0 0 0 0 
0 0 0 0 0 0 
0 0 0 0 0 0 

-1 -1 -1 0 -1 0 
-1 0 -1 -1 -1 -1 
0 -1 -1 0 0 0 
0 0 0 0 0 0 
0 0 0 0 0 0 
0 0 0 0 0 0 

-1 -1 -1 0 -1 0 
-1 0 -1 0 -1 -1 
0 -1 -1 0 0 0 
0 0 0 0 0 -1 
0 0 0 0 0 0 
0 0 0 0 0 0 

-1 -1 -1 0 -1 0 
-1 0 -1 0 -1 -1 
0 0 0 0 0 0 
-1 0 0 0 0 -1 
0 0 0 0 0 0 
0 0 0 0 0 0 

-1 -1 -1 0 -1 0 
-1 0 -1 0 -1 -1 
0 -1 0 0 0 0 
-1 0 0 0 0 0 
0 0 0 0 0 0 
0 0 0 0 0 0 

-1 -1 -1 0 -1 0 
-1 0 -1 0 -1 -1 
0 0 0 0 0 0 
-1 -1 0 0 0 0 
0 0 0 0 0 0 
0 0 0 0 0 0 

-1 -1 0 -1 -1 0 
-1 0 -1 0 -1 -1 
0 0 0 0 0 0 
-1 -1 0 0 0 0 
0 0 0 0 0 0 
0 0 0 0 0 0 

-1 -1 0 -1 -1 0 
-1 0 -1 0 -1 -1 
0 0 0 0 0 0 
0 -1 0 0 0 0 
0 0 -1 0 0 0 
0 0 0 0 0 0 

0 0 0 0 0 0 
0 0 0 0 0 0 
0 0 0 0 0 0 
1 0 0 0 0 0 
1 1 0 0 1 1 
1 1 1 1 1 1 

0 0 0 0 0 0 
0 0 0 0 0 0 
0 0 0 0 0 0 
1 0 0 0 0 0 
1 1 0 0 1 1 
1 1 1 0 1 1 

0 0 0 0 0 0 
0 0 0 0 0 0 
0 0 0 0 0 0 
0 0 0 0 0 0 
1 1 0 1 1 1 
1 1 0 0 1 1 

0 0 0 0 0 0 
0 0 0 0 0 0 
0 0 0 0 0 0 
0 0 0 0 0 0 
1 1 0 0 1 1 
1 1 0 0 1 1 

0 0 0 0 0 0 
0 0 0 0 0 0 
0 0 0 0 0 0 
0 0 0 0 0 0 
0 1 0 0 1 1 
1 1 0 0 1 1 

0 0 0 0 0 0 
0 0 0 0 0 0 
0 0 0 0 0 0 
0 0 0 0 0 0 
1 1 0 0 1 1 
0 1 0 0 1 1 

0 0 0 0 0 0 
0 0 0 0 0 0 
0 0 0 0 0 0 
0 0 0 0 0 0 
1 0 0 0 1 1 
0 1 0 0 1 1 

0 0 0 0 0 0 
0 0 0 0 0 0 
0 0 0 0 0 0 
0 0 0 0 0 0 
1 0 0 0 0 1 
0 1 0 0 1 1 

1 1 1 1 1 1 
1 1 1 1 1 1 
1 1 1 1 1 1 
1 1 1 1 1 1 
1 1 1 1 1 1 
1 1 1 1 1 1 

4 0 3 0 4 0 3 1 4 0 4 1 4 0 5 0 4 5 3 4 4 5 3 5 4 5 4 4 5 1 4 1 5 1 5 0 5 1 5 2 5 4 4 4 5 4 5 3 5 5 4 4 
1 1 0.995807 0.997951 1 1 0.997951 0.993576 1 1 1 0.997951 1 
0 0 0 0 0 0 
0 0 0 0 0 0 
0 0 0 0 0 0 
1 0 0 0 0 0 
1 1 0 0 1 1 
1 1 1 1 1 1 

0 0 0 0 0 0 
0 0 0 0 0 0 
0 0 0 0 0 0 
1 0 0 0 0 0 
1 1 0 0 1 1 
1 1 1 0 1 1 

0 0 0 0 0 0 
0 0 0 0 0 0 
0 0 0 0 0 0 
0 0 0 0 0 0 
1 1 0 1 1 1 
1 1 0 0 1 1 

0 0 0 0 0 0 
0 0 0 0 0 0 
0 0 0 0 0 0 
0 0 0 0 0 0 
1 1 0 0 1 1 
1 1 0 0 1 1 

0 0 0 0 0 0 
0 0 0 0 0 0 
0 0 0 0 0 0 
0 0 0 0 0 0 
0 1 0 0 1 1 
1 1 0 0 1 1 

0 0 0 0 0 0 
0 0 0 0 0 0 
0 0 0 0 0 0 
0 0 0 0 0 0 
1 1 0 0 1 1 
0 1 0 0 1 1 

0 0 0 0 0 0 
0 0 0 0 0 0 
0 0 0 0 0 0 
0 0 0 0 0 0 
1 0 0 0 1 1 
0 1 0 0 1 1 

0 0 0 0 0 0 
0 0 0 0 0 0 
0 0 0 0 0 0 
0 0 0 0 0 0 
1 0 0 0 0 1 
0 1 0 0 1 1 

-1 -1 -1 0 -1 0 
-1 0 -1 -1 -1 -1 
0 -1 -1 0 0 0 
0 0 0 0 0 0 
0 0 0 0 0 0 
0 0 0 0 0 0 

-1 -1 -1 0 -1 0 
-1 0 -1 0 -1 -1 
0 -1 -1 0 0 0 
0 0 0 0 0 -1 
0 0 0 0 0 0 
0 0 0 0 0 0 

-1 -1 -1 0 -1 0 
-1 0 -1 0 -1 -1 
0 0 0 0 0 0 
-1 0 0 0 0 -1 
0 0 0 0 0 0 
0 0 0 0 0 0 

-1 -1 -1 0 -1 0 
-1 0 -1 0 -1 -1 
0 -1 0 0 0 0 
-1 0 0 0 0 0 
0 0 0 0 0 0 
0 0 0 0 0 0 

-1 -1 -1 0 -1 0 
-1 0 -1 0 -1 -1 
0 0 0 0 0 0 
-1 -1 0 0 0 0 
0 0 0 0 0 0 
0 0 0 0 0 0 

-1 -1 0 -1 -1 0 
-1 0 -1 0 -1 -1 
0 0 0 0 0 0 
-1 -1 0 0 0 0 
0 0 0 0 0 0 
0 0 0 0 0 0 

-1 -1 0 -1 -1 0 
-1 0 -1 0 -1 -1 
0 0 0 0 0 0 
0 -1 0 0 0 0 
0 0 -1 0 0 0 
0 0 0 0 0 0 

-1 -1 0 -1 -1 0 
-1 0 -1 0 -1 -1 
0 0 0 0 0 0 
0 0 0 0 0 0 
0 0 -1 -1 0 0 
0 0 0 0 0 0 

-1 -1 -1 -1 -1 -1 
-1 -1 -1 -1 -1 -1 
-1 -1 -1 -1 -1 -1 
-1 -1 -1 -1 -1 -1 
-1 -1 -1 -1 -1 -1 
-1 -1 -1 -1 -1 -1 

4 2 3 0 4 3 3 0 4 2 5 1 0 0 1 1 0 1 0 2 0 1 1 1 0 3 0 2 0 3 1 3 0 4 0 5 0 4 1 3 1 0 1 1 1 0 2 0 1 0 2 1 1 2 0 2 1 2 1 1 1 2 1 3 1 2 2 1 1 2 2 2 1 2 2 3 1 4 0 5 1 4 1 3 1 4 2 3 1 4 2 4 1 4 2 5 1 5 0 5 1 5 2 4 1 5 2 5 4 2 3 1 4 2 3 2 4 2 3 3 4 2 4 1 4 2 5 2 4 2 5 3 4 3 3 2 4 3 3 3 4 3 3 4 4 3 4 4 4 3 5 2 4 3 5 3 
1.39152 1.39152 1.4 0.993939 0.993939 0.987421 0.987421 0.980263 0.993939 0.993939 0.987421 0.987342 1 0.993939 0.993939 1 0.993939 1 0.993939 0.993939 0.993939 0.987342 1 0.972414 0.993939 1 1 1 0.987342 0.987654 0.993939 0.980263 0.993939 0.993939 0.993939 0.993939 1 0.987342 1 
-1 -1 -1 0 -1 0 
-1 0 -1 -1 -1 -1 
0 -1 -1 0 0 0 
0 0 0 0 0 0 
0 0 0 0 0 0 
0 0 0 0 0 0 

-1 -1 -1 0 -1 0 
-1 0 -1 0 -1 -1 
0 -1 -1 0 0 0 
0 0 0 0 0 -1 
0 0 0 0 0 0 
0 0 0 0 0 0 

-1 -1 -1 0 -1 0 
-1 0 -1 0 -1 -1 
0 0 0 0 0 0 
-1 0 0 0 0 -1 
0 0 0 0 0 0 
0 0 0 0 0 0 

-1 -1 -1 0 -1 0 
-1 0 -1 0 -1 -1 
0 -1 0 0 0 0 
-1 0 0 0 0 0 
0 0 0 0 0 0 
0 0 0 0 0 0 

-1 -1 -1 0 -1 0 
-1 0 -1 0 -1 -1 
0 0 0 0 0 0 
-1 -1 0 0 0 0 
0 0 0 0 0 0 
0 0 0 0 0 0 

-1 -1 0 -1 -1 0 
-1 0 -1 0 -1 -1 
0 0 0 0 0 0 
-1 -1 0 0 0 0 
0 0 0 0 0 0 
0 0 0 0 0 0 

-1 -1 0 -1 -1 0 
-1 0 -1 0 -1 -1 
0 0 0 0 0 0 
0 -1 0 0 0 0 
0 0 -1 0 0 0 
0 0 0 0 0 0 

-1 -1 0 -1 -1 0 
-1 0 -1 0 -1 -1 
0 0 0 0 0 0 
0 0 0 0 0 0 
0 0 -1 -1 0 0 
0 0 0 0 0 0 

0 0 0 0 0 0 
0 0 0 0 0 0 
0 0 0 0 0 0 
1 0 0 0 0 0 
1 1 0 0 1 1 
1 1 1 0 1 1 

0 0 0 0 0 0 
0 0 0 0 0 0 
0 0 0 0 0 0 
0 0 0 0 0 0 
1 1 0 1 1 1 
1 1 0 0 1 1 

0 0 0 0 0 0 
0 0 0 0 0 0 
0 0 0 0 0 0 
0 0 0 0 0 0 
1 1 0 0 1 1 
1 1 0 0 1 1 

0 0 0 0 0 0 
0 0 0 0 0 0 
0 0 0 0 0 0 
0 0 0 0 0 0 
0 1 0 0 1 1 
1 1 0 0 1 1 

0 0 0 0 0 0 
0 0 0 0 0 0 
0 0 0 0 0 0 
0 0 0 0 0 0 
1 1 0 0 1 1 
0 1 0 0 1 1 

0 0 0 0 0 0 
0 0 0 0 0 0 
0 0 0 0 0 0 
0 0 0 0 0 0 
1 0 0 0 1 1 
0 1 0 0 1 1 

0 0 0 0 0 0 
0 0 0 0 0 0 
0 0 0 0 0 0 
0 0 0 0 0 0 
1 0 0 0 0 1 
0 1 0 0 1 1 

0 0 0 0 0 0 
0 0 0 0 0 0 
0 0 0 0 0 0 
1 0 0 0 0 0 
0 0 0 0 0 1 
0 0 0 0 1 1 

1 1 1 1 1 1 
1 1 1 1 1 1 
1 1 1 1 1 1 
1 1 1 1 1 1 
1 1 1 1 1 1 
1 1 1 1 1 1 

3 0 4 3 3 0 1 2 3 0 2 0 3 0 2 1 3 0 3 1 3 0 4 0 3 0 4 1 4 5 3 4 4 5 3 5 4 5 4 4 5 4 4 4 5 4 5 3 5 5 4 4 
1.39711 1.4 0.995781 1 1 1 1 1 1 1 1 1 0.997938 
0 0 0 0 0 0 
0 0 0 0 0 0 
0 0 0 0 0 0 
1 0 0 0 0 0 
1 1 0 0 1 1 
1 1 1 0 1 1 

0 0 0 0 0 0 
0 0 0 0 0 0 
0 0 0 0 0 0 
0 0 0 0 0 0 
1 1 0 1 1 1 
1 1 0 0 1 1 

0 0 0 0 0 0 
0 0 0 0 0 0 
0 0 0 0 0 0 
0 0 0 0 0 0 
1 1 0 0 1 1 
1 1 0 0 1 1 

0 0 0 0 0 0 
0 0 0 0 0 0 
0 0 0 0 0 0 
0 0 0 0 0 0 
0 1 0 0 1 1 
1 1 0 0 1 1 

0 0 0 0 0 0 
0 0 0 0 0 0 
0 0 0 0 0 0 
0 0 0 0 0 0 
1 1 0 0 1 1 
0 1 0 0 1 1 

0 0 0 0 0 0 
0 0 0 0 0 0 
0 0 0 0 0 0 
0 0 0 0 0 0 
1 0 0 0 1 1 
0 1 0 0 1 1 

0 0 0 0 0 0 
0 0 0 0 0 0 
0 0 0 0 0 0 
0 0 0 0 0 0 
1 0 0 0 0 1 
0 1 0 0 1 1 

0 0 0 0 0 0 
0 0 0 0 0 0 
0 0 0 0 0 0 
1 0 0 0 0 0 
0 0 0 0 0 1 
0 0 0 0 1 1 

-1 -1 -1 0 -1 0 
-1 0 -1 0 -1 -1 
0 -1 -1 0 0 0 
0 0 0 0 0 -1 
0 0 0 0 0 0 
0 0 0 0 0 0 

-1 -1 -1 0 -1 0 
-1 0 -1 0 -1 -1 
0 0 0 0 0 0 
-1 0 0 0 0 -1 
0 0 0 0 0 0 
0 0 0 0 0 0 

-1 -1 -1 0 -1 0 
-1 0 -1 0 -1 -1 
0 -1 0 0 0 0 
-1 0 0 0 0 0 
0 0 0 0 0 0 
0 0 0 0 0 0 

-1 -1 -1 0 -1 0 
-1 0 -1 0 -1 -1 
0 0 0 0 0 0 
-1 -1 0 0 0 0 
0 0 0 0 0 0 
0 0 0 0 0 0 

-1 -1 0 -1 -1 0 
-1 0 -1 0 -1 -1 
0 0 0 0 0 0 
-1 -1 0 0 0 0 
0 0 0 0 0 0 
0 0 0 0 0 0 

-1 -1 0 -1 -1 0 
-1 0 -1 0 -1 -1 
0 0 0 0 0 0 
0 -1 0 0 0 0 
0 0 -1 0 0 0 
0 0 0 0 0 0 

-1 -1 0 -1 -1 0 
-1 0 -1 0 -1 -1 
0 0 0 0 0 0 
0 0 0 0 0 0 
0 0 -1 -1 0 0 
0 0 0 0 0 0 

-1 -1 0 -1 -1 0 
-1 0 0 0 -1 -1 
0 0 0 0 0 0 
0 0 0 0 0 0 
0 0 0 -1 0 0 
0 -1 0 0 0 0 

-1 -1 -1 -1 -1 -1 
-1 -1 -1 -1 -1 -1 
-1 -1 -1 -1 -1 -1 
-1 -1 -1 -1 -1 -1 
-1 -1 -1 -1 -1 -1 
-1 -1 -1 -1 -1 -1 

0 3 1 2 4 3 1 2 0 0 1 1 0 1 0 2 0 1 1 1 0 3 0 2 0 3 1 3 0 4 0 5 0 4 1 3 1 0 1 1 1 0 2 0 1 0 2 1 1 4 0 5 1 4 1 3 1 4 2 3 1 4 2 4 1 4 2 5 1 5 0 5 1 5 2 4 1 5 2 5 4 3 3 2 4 3 3 3 4 3 3 4 4 3 4 2 4 3 4 4 4 3 5 2 4 3 5 3 5 1 4 0 5 1 4 1 5 1 4 2 5 1 5 0 5 1 5 2 
1.4 1.39324 1 1 0.971751 0.971751 1 0.971751 0.98995 0.995169 0.978378 0.995169 0.98995 0.98995 0.978378 0.971751 0.978378 0.984375 0.98995 0.995169 0.98995 0.995169 0.984375 0.995169 0.98995 0.98995 1 1 1 1 0.995169 0.98995 
-1 -1 -1 0 -1 0 
-1 0 -1 0 -1 -1 
0 -1 -1 0 0 0 
0 0 0 0 0 -1 
0 0 0 0 0 0 
0 0 0 0 0 0 

-1 -1 -1 0 -1 0 
-1 0 -1 0 -1 -1 
0 0 0 0 0 0 
-1 0 0 0 0 -1 
0 0 0 0 0 0 
0 0 0 0 0 0 

-1 -1 -1 0 -1 0 
-1 0 -1 0 -1 -1 
0 -1 0 0 0 0 
-1 0 0 0 0 0 
0 0 0 0 0 0 
0 0 0 0 0 0 

-1 -1 -1 0 -1 0 
-1 0 -1 0 -1 -1 
0 0 0 0 0 0 
-1 -1 0 0 0 0 
0 0 0 0 0 0 
0 0 0 0 0 0 

-1 -1 0 -1 -1 0 
-1 0 -1 0 -1 -1 
0 0 0 0 0 0 
-1 -1 0 0 0 0 
0 0 0 0 0 0 
0 0 0 0 0 0 

-1 -1 0 -1 -1 0 
-1 0 -1 0 -1 -1 
0 0 0 0 0 0 
0 -1 0 0 0 0 
0 0 -1 0 0 0 
0 0 0 0 0 0 

-1 -1 0 -1 -1 0 
-1 0 -1 0 -1 -1 
0 0 0 0 0 0 
0 0 0 0 0 0 
0 0 -1 -1 0 0 
0 0 0 0 0 0 

-1 -1 0 -1 -1 0 
-1 0 0 0 -1 -1 
0 0 0 0 0 0 
0 0 0 0 0 0 
0 0 0 -1 0 0 
0 -1 0 0 0 0 

0 0 0 0 0 0 
0 0 0 0 0 0 
0 0 0 0 0 0 
0 0 0 0 0 0 
1 1 0 1 1 1 
1 1 0 0 1 1 

0 0 0 0 0 0 
0 0 0 0 0 0 
0 0 0 0 0 0 
0 0 0 0 0 0 
1 1 0 0 1 1 
1 1 0 0 1 1 

0 0 0 0 0 0 
0 0 0 0 0 0 
0 0 0 0 0 0 
0 0 0 0 0 0 
0 1 0 0 1 1 
1 1 0 0 1 1 

0 0 0 0 0 0 
0 0 0 0 0 0 
0 0 0 0 0 0 
0 0 0 0 0 0 
1 1 0 0 1 1 
0 1 0 0 1 1 

0 0 0 0 0 0 
0 0 0 0 0 0 
0 0 0 0 0 0 
0 0 0 0 0 0 
1 0 0 0 1 1 
0 1 0 0 1 1 

0 0 0 0 0 0 
0 0 0 0 0 0 
0 0 0 0 0 0 
0 0 0 0 0 0 
1 0 0 0 0 1 
0 1 0 0 1 1 

0 0 0 0 0 0 
0 0 0 0 0 0 
0 0 0 0 0 0 
1 0 0 0 0 0 
0 0 0 0 0 1 
0 0 0 0 1 1 

0 0 0 0 0 0 
0 0 0 0 0 0 
0 0 0 0 0 0 
0 0 0 0 0 0 
0 0 0 0 0 1 
0 0 0 0 1 1 

1 1 1 1 1 1 
1 1 1 1 1 1 
1 1 1 1 1 1 
1 1 1 1 1 1 
1 1 1 1 1 1 
1 1 1 1 1 1 

4 5 3 4 4 5 3 5 4 5 4 4 5 4 4 4 5 4 5 3 5 5 4 4 
1 1 0.996992 1 1 0.998527 
0 0 0 0 0 0 
0 0 0 0 0 0 
0 0 0 0 0 0 
0 0 0 0 0 0 
1 1 0 1 1 1 
1 1 0 0 1 1 

0 0 0 0 0 0 
0 0 0 0 0 0 
0 0 0 0 0 0 
0 0 0 0 0 0 
1 1 0 0 1 1 
1 1 0 0 1 1 

0 0 0 0 0 0 
0 0 0 0 0 0 
0 0 0 0 0 0 
0 0 0 0 0 0 
0 1 0 0 1 1 
1 1 0 0 1 1 

0 0 0 0 0 0 
0 0 0 0 0 0 
0 0 0 0 0 0 
0 0 0 0 0 0 
1 1 0 0 1 1 
0 1 0 0 1 1 

0 0 0 0 0 0 
0 0 0 0 0 0 
0 0 0 0 0 0 
0 0 0 0 0 0 
1 0 0 0 1 1 
0 1 0 0 1 1 

0 0 0 0 0 0 
0 0 0 0 0 0 
0 0 0 0 0 0 
0 0 0 0 0 0 
1 0 0 0 0 1 
0 1 0 0 1 1 

0 0 0 0 0 0 
0 0 0 0 0 0 
0 0 0 0 0 0 
1 0 0 0 0 0 
0 0 0 0 0 1 
0 0 0 0 1 1 

0 0 0 0 0 0 
0 0 0 0 0 0 
0 0 0 0 0 0 
0 0 0 0 0 0 
0 0 0 0 0 1 
0 0 0 0 1 1 

-1 -1 -1 0 -1 0 
-1 0 -1 0 -1 -1 
0 0 0 0 0 0 
-1 0 0 0 0 -1 
0 0 0 0 0 0 
0 0 0 0 0 0 

-1 -1 -1 0 -1 0 
-1 0 -1 0 -1 -1 
0 -1 0 0 0 0 
-1 0 0 0 0 0 
0 0 0 0 0 0 
0 0 0 0 0 0 

-1 -1 -1 0 -1 0 
-1 0 -1 0 -1 -1 
0 0 0 0 0 0 
-1 -1 0 0 0 0 
0 0 0 0 0 0 
0 0 0 0 0 0 

-1 -1 0 -1 -1 0 
-1 0 -1 0 -1 -1 
0 0 0 0 0 0 
-1 -1 0 0 0 0 
0 0 0 0 0 0 
0 0 0 0 0 0 

-1 -1 0 -1 -1 0 
-1 0 -1 0 -1 -1 
0 0 0 0 0 0 
0 -1 0 0 0 0 
0 0 -1 0 0 0 
0 0 0 0 0 0 

-1 -1 0 -1 -1 0 
-1 0 -1 0 -1 -1 
0 0 0 0 0 0 
0 0 0 0 0 0 
0 0 -1 -1 0 0 
0 0 0 0 0 0 

-1 -1 0 -1 -1 0 
-1 0 0 0 -1 -1 
0 0 0 0 0 0 
0 0 0 0 0 0 
0 0 0 -1 0 0 
0 -1 0 0 0 0 

-1 -1 0 0 -1 0 
-1 0 -1 0 -1 -1 
0 0 0 0 0 0 
0 0 0 0 0 0 
0 0 0 -1 0 0 
0 -1 0 0 0 0 

-1 -1 -1 -1 -1 -1 
-1 -1 -1 -1 -1 -1 
-1 -1 -1 -1 -1 -1 
-1 -1 -1 -1 -1 -1 
-1 -1 -1 -1 -1 -1 
-1 -1 -1 -1 -1 -1 

1 2 3 4 4 3 3 4 4 3 5 4 0 0 1 1 0 1 0 2 0 1 1 1 0 4 0 3 0 4 0 5 0 4 1 3 1 0 1 1 1 0 2 0 1 0 2 1 1 2 0 2 1 2 0 3 1 2 1 1 1 2 1 3 1 2 2 1 1 2 2 2 1 2 2 3 1 4 0 3 1 4 0 5 1 4 1 3 1 4 2 3 1 4 2 4 1 4 2 5 1 5 0 5 1 5 2 4 1 5 2 5 4 3 3 2 4 3 3 3 4 3 4 2 4 3 4 4 4 3 5 2 4 3 5 3 5 1 4 0 5 1 4 1 5 1 4 2 5 1 5 0 5 1 5 2 
1.4 1.4 1.4 0.987013 1 1 0.99375 1 0.99375 1 0.99375 0.99375 0.99375 1 0.987013 1 1 0.979592 1 0.987013 1 1 1 1 0.99375 1 1 1 1 1 1 1 0.99375 1 1 1 1 1 1 
-1 -1 -1 0 -1 0 
-1 0 -1 0 -1 -1 
0 0 0 0 0 0 
-1 0 0 0 0 -1 
0 0 0 0 0 0 
0 0 0 0 0 0 

-1 -1 -1 0 -1 0 
-1 0 -1 0 -1 -1 
0 -1 0 0 0 0 
-1 0 0 0 0 0 
0 0 0 0 0 0 
0 0 0 0 0 0 

-1 -1 -1 0 -1 0 
-1 0 -1 0 -1 -1 
0 0 0 0 0 0 
-1 -1 0 0 0 0 
0 0 0 0 0 0 
0 0 0 0 0 0 

-1 -1 0 -1 -1 0 
-1 0 -1 0 -1 -1 
0 0 0 0 0 0 
-1 -1 0 0 0 0 
0 0 0 0 0 0 
0 0 0 0 0 0 

-1 -1 0 -1 -1 0 
-1 0 -1 0 -1 -1 
0 0 0 0 0 0 
0 -1 0 0 0 0 
0 0 -1 0 0 0 
0 0 0 0 0 0 

-1 -1 0 -1 -1 0 
-1 0 -1 0 -1 -1 
0 0 0 0 0 0 
0 0 0 0 0 0 
0 0 -1 -1 0 0 
0 0 0 0 0 0 

-1 -1 0 -1 -1 0 
-1 0 0 0 -1 -1 
0 0 0 0 0 0 
0 0 0 0 0 0 
0 0 0 -1 0 0 
0 -1 0 0 0 0 

-1 -1 0 0 -1 0 
-1 0 -1 0 -1 -1 
0 0 0 0 0 0 
0 0 0 0 0 0 
0 0 0 -1 0 0 
0 -1 0 0 0 0 

0 0 0 0 0 0 
0 0 0 0 0 0 
0 0 0 0 0 0 
0 0 0 0 0 0 
1 1 0 0 1 1 
1 1 0 0 1 1 

0 0 0 0 0 0 
0 0 0 0 0 0 
0 0 0 0 0 0 
0 0 0 0 0 0 
0 1 0 0 1 1 
1 1 0 0 1 1 

0 0 0 0 0 0 
0 0 0 0 0 0 
0 0 0 0 0 0 
0 0 0 0 0 0 
1 1 0 0 1 1 
0 1 0 0 1 1 

0 0 0 0 0 0 
0 0 0 0 0 0 
0 0 0 0 0 0 
0 0 0 0 0 0 
1 0 0 0 1 1 
0 1 0 0 1 1 

0 0 0 0 0 0 
0 0 0 0 0 0 
0 0 0 0 0 0 
0 0 0 0 0 0 
1 0 0 0 0 1 
0 1 0 0 1 1 

0 0 0 0 0 0 
0 0 0 0 0 0 
0 0 0 0 0 0 
1 0 0 0 0 0 
0 0 0 0 0 1 
0 0 0 0 1 1 

0 0 0 0 0 0 
0 0 0 0 0 0 
0 0 0 0 0 0 
0 0 0 0 0 0 
0 0 0 0 0 1 
0 0 0 0 1 1 

0 0 0 0 0 0 
0 0 0 0 0 0 
0 0 0 0 0 0 
0 0 0 0 0 0 
0 0 0 0 0 0 
0 0 0 0 1 1 

1 1 1 1 1 1 
1 1 1 1 1 1 
1 1 1 1 1 1 
1 1 1 1 1 1 
1 1 1 1 1 1 
1 1 1 1 1 1 

5 4 4 3 5 4 4 4 5 4 4 5 5 4 5 3 5 5 4 4 5 5 4 5 
1.4 1 1 1 1 1 
0 0 0 0 0 0 
0 0 0 0 0 0 
0 0 0 0 0 0 
0 0 0 0 0 0 
1 1 0 0 1 1 
1 1 0 0 1 1 

0 0 0 0 0 0 
0 0 0 0 0 0 
0 0 0 0 0 0 
0 0 0 0 0 0 
0 1 0 0 1 1 
1 1 0 0 1 1 

0 0 0 0 0 0 
0 0 0 0 0 0 
0 0 0 0 0 0 
0 0 0 0 0 0 
1 1 0 0 1 1 
0 1 0 0 1 1 

0 0 0 0 0 0 
0 0 0 0 0 0 
0 0 0 0 0 0 
0 0 0 0 0 0 
1 0 0 0 1 1 
0 1 0 0 1 1 

0 0 0 0 0 0 
0 0 0 0 0 0 
0 0 0 0 0 0 
0 0 0 0 0 0 
1 0 0 0 0 1 
0 1 0 0 1 1 

0 0 0 0 0 0 
0 0 0 0 0 0 
0 0 0 0 0 0 
1 0 0 0 0 0 
0 0 0 0 0 1 
0 0 0 0 1 1 

0 0 0 0 0 0 
0 0 0 0 0 0 
0 0 0 0 0 0 
0 0 0 0 0 0 
0 0 0 0 0 1 
0 0 0 0 1 1 

0 0 0 0 0 0 
0 0 0 0 0 0 
0 0 0 0 0 0 
0 0 0 0 0 0 
0 0 0 0 0 0 
0 0 0 0 1 1 

-1 -1 -1 0 -1 0 
-1 0 -1 0 -1 -1 
0 -1 0 0 0 0 
-1 0 0 0 0 0 
0 0 0 0 0 0 
0 0 0 0 0 0 

-1 -1 -1 0 -1 0 
-1 0 -1 0 -1 -1 
0 0 0 0 0 0 
-1 -1 0 0 0 0 
0 0 0 0 0 0 
0 0 0 0 0 0 

-1 -1 0 -1 -1 0 
-1 0 -1 0 -1 -1 
0 0 0 0 0 0 
-1 -1 0 0 0 0 
0 0 0 0 0 0 
0 0 0 0 0 0 

-1 -1 0 -1 -1 0 
-1 0 -1 0 -1 -1 
0 0 0 0 0 0 
0 -1 0 0 0 0 
0 0 -1 0 0 0 
0 0 0 0 0 0 

-1 -1 0 -1 -1 0 
-1 0 -1 0 -1 -1 
0 0 0 0 0 0 
0 0 0 0 0 0 
0 0 -1 -1 0 0 
0 0 0 0 0 0 

-1 -1 0 -1 -1 0 
-1 0 0 0 -1 -1 
0 0 0 0 0 0 
0 0 0 0 0 0 
0 0 0 -1 0 0 
0 -1 0 0 0 0 

-1 -1 0 0 -1 0 
-1 0 -1 0 -1 -1 
0 0 0 0 0 0 
0 0 0 0 0 0 
0 0 0 -1 0 0 
0 -1 0 0 0 0 

-1 -1 0 0 -1 0 
-1 0 0 0 -1 -1 
0 0 0 0 0 0 
0 0 0 0 -1 0 
0 0 0 0 0 0 
0 -1 0 0 0 0 

-1 -1 -1 -1 -1 -1 
-1 -1 -1 -1 -1 -1 
-1 -1 -1 -1 -1 -1 
-1 -1 -1 -1 -1 -1 
-1 -1 -1 -1 -1 -1 
-1 -1 -1 -1 -1 -1 

3 4 4 3 5 1 4 3 0 0 1 1 0 1 0 2 0 1 1 1 0 1 1 2 0 4 0 3 0 4 0 5 0 4 1 3 1 0 1 1 1 0 2 0 1 0 2 1 1 4 0 3 1 4 0 5 1 4 1 3 1 4 2 3 1 4 2 4 1 4 2 5 1 5 0 5 1 5 2 4 1 5 2 5 3 4 2 3 3 4 2 4 3 4 2 5 3 4 3 3 3 4 3 5 3 4 4 4 3 4 4 5 5 1 4 0 5 1 4 1 5 1 4 2 5 1 5 0 5 1 5 2 
1.4 1.4 1 1 1 1 1 1 1 1 1 1 1 1 1 1 0.994681 1 1 0.994681 1 1 1 1 0.994681 1 1 0.994681 1 1 1 1 1 
-1 -1 -1 0 -1 0 
-1 0 -1 0 -1 -1 
0 -1 0 0 0 0 
-1 0 0 0 0 0 
0 0 0 0 0 0 
0 0 0 0 0 0 

-1 -1 -1 0 -1 0 
-1 0 -1 0 -1 -1 
0 0 0 0 0 0 
-1 -1 0 0 0 0 
0 0 0 0 0 0 
0 0 0 0 0 0 

-1 -1 0 -1 -1 0 
-1 0 -1 0 -1 -1 
0 0 0 0 0 0 
-1 -1 0 0 0 0 
0 0 0 0 0 0 
0 0 0 0 0 0 

-1 -1 0 -1 -1 0 
-1 0 -1 0 -1 -1 
0 0 0 0 0 0 
0 -1 0 0 0 0 
0 0 -1 0 0 0 
0 0 0 0 0 0 

-1 -1 0 -1 -1 0 
-1 0 -1 0 -1 -1 
0 0 0 0 0 0 
0 0 0 0 0 0 
0 0 -1 -1 0 0 
0 0 0 0 0 0 

-1 -1 0 -1 -1 0 
-1 0 0 0 -1 -1 
0 0 0 0 0 0 
0 0 0 0 0 0 
0 0 0 -1 0 0 
0 -1 0 0 0 0 

-1 -1 0 0 -1 0 
-1 0 -1 0 -1 -1 
0 0 0 0 0 0 
0 0 0 0 0 0 
0 0 0 -1 0 0 
0 -1 0 0 0 0 

-1 -1 0 0 -1 0 
-1 0 0 0 -1 -1 
0 0 0 0 0 0 
0 0 0 0 -1 0 
0 0 0 0 0 0 
0 -1 0 0 0 0 

0 0 0 0 0 0 
0 0 0 0 0 0 
0 0 0 0 0 0 
0 0 0 0 0 0 
0 1 0 0 1 1 
1 1 0 0 1 1 

0 0 0 0 0 0 
0 0 0 0 0 0 
0 0 0 0 0 0 
0 0 0 0 0 0 
1 1 0 0 1 1 
0 1 0 0 1 1 

0 0 0 0 0 0 
0 0 0 0 0 0 
0 0 0 0 0 0 
0 0 0 0 0 0 
1 0 0 0 1 1 
0 1 0 0 1 1 

0 0 0 0 0 0 
0 0 0 0 0 0 
0 0 0 0 0 0 
0 0 0 0 0 0 
1 0 0 0 0 1 
0 1 0 0 1 1 

0 0 0 0 0 0 
0 0 0 0 0 0 
0 0 0 0 0 0 
1 0 0 0 0 0 
0 0 0 0 0 1 
0 0 0 0 1 1 

0 0 0 0 0 0 
0 0 0 0 0 0 
0 0 0 0 0 0 
0 0 0 0 0 0 
0 0 0 0 0 1 
0 0 0 0 1 1 

0 0 0 0 0 0 
0 0 0 0 0 0 
0 0 0 0 0 0 
0 0 0 0 0 0 
0 0 0 0 0 0 
0 0 0 0 1 1 

0 0 0 0 0 0 
0 0 0 0 0 0 
0 0 0 0 0 0 
0 0 0 0 0 0 
0 0 0 0 0 0 
0 0 0 0 0 1 

1 1 1 1 1 1 
1 1 1 1 1 1 
1 1 1 1 1 1 
1 1 1 1 1 1 
1 1 1 1 1 1 
1 1 1 1 1 1 

5 5 4 4 5 5 4 5 5 5 5 4 
1 1 1 
0 0 0 0 0 0 
0 0 0 0 0 0 
0 0 0 0 0 0 
0 0 0 0 0 0 
0 1 0 0 1 1 
1 1 0 0 1 1 

0 0 0 0 0 0 
0 0 0 0 0 0 
0 0 0 0 0 0 
0 0 0 0 0 0 
1 1 0 0 1 1 
0 1 0 0 1 1 

0 0 0 0 0 0 
0 0 0 0 0 0 
0 0 0 0 0 0 
0 0 0 0 0 0 
1 0 0 0 1 1 
0 1 0 0 1 1 

0 0 0 0 0 0 
0 0 0 0 0 0 
0 0 0 0 0 0 
0 0 0 0 0 0 
1 0 0 0 0 1 
0 1 0 0 1 1 

0 0 0 0 0 0 
0 0 0 0 0 0 
0 0 0 0 0 0 
1 0 0 0 0 0 
0 0 0 0 0 1 
0 0 0 0 1 1 

0 0 0 0 0 0 
0 0 0 0 0 0 
0 0 0 0 0 0 
0 0 0 0 0 0 
0 0 0 0 0 1 
0 0 0 0 1 1 

0 0 0 0 0 0 
0 0 0 0 0 0 
0 0 0 0 0 0 
0 0 0 0 0 0 
0 0 0 0 0 0 
0 0 0 0 1 1 

0 0 0 0 0 0 
0 0 0 0 0 0 
0 0 0 0 0 0 
0 0 0 0 0 0 
0 0 0 0 0 0 
0 0 0 0 0 1 

-1 -1 -1 0 -1 0 
-1 0 -1 0 -1 -1 
0 0 0 0 0 0 
-1 -1 0 0 0 0 
0 0 0 0 0 0 
0 0 0 0 0 0 

-1 -1 0 -1 -1 0 
-1 0 -1 0 -1 -1 
0 0 0 0 0 0 
-1 -1 0 0 0 0 
0 0 0 0 0 0 
0 0 0 0 0 0 

-1 -1 0 -1 -1 0 
-1 0 -1 0 -1 -1 
0 0 0 0 0 0 
0 -1 0 0 0 0 
0 0 -1 0 0 0 
0 0 0 0 0 0 

-1 -1 0 -1 -1 0 
-1 0 -1 0 -1 -1 
0 0 0 0 0 0 
0 0 0 0 0 0 
0 0 -1 -1 0 0 
0 0 0 0 0 0 

-1 -1 0 -1 -1 0 
-1 0 0 0 -1 -1 
0 0 0 0 0 0 
0 0 0 0 0 0 
0 0 0 -1 0 0 
0 -1 0 0 0 0 

-1 -1 0 0 -1 0 
-1 0 -1 0 -1 -1 
0 0 0 0 0 0 
0 0 0 0 0 0 
0 0 0 -1 0 0 
0 -1 0 0 0 0 

-1 -1 0 0 -1 0 
-1 0 0 0 -1 -1 
0 0 0 0 0 0 
0 0 0 0 -1 0 
0 0 0 0 0 0 
0 -1 0 0 0 0 

-1 -1 0 0 -1 0 
-1 0 0 0 -1 -1 
0 0 0 0 0 0 
0 0 0 0 0 0 
0 0 0 -1 0 0 
0 -1 0 0 0 0 

-1 -1 -1 -1 -1 -1 
-1 -1 -1 -1 -1 -1 
-1 -1 -1 -1 -1 -1 
-1 -1 -1 -1 -1 -1 
-1 -1 -1 -1 -1 -1 
-1 -1 -1 -1 -1 -1 

0 0 1 1 0 1 0 2 0 1 1 1 0 1 1 2 0 4 0 3 0 4 0 5 0 4 1 3 1 0 1 1 1 0 2 0 1 0 2 1 1 4 0 3 1 4 0 5 1 4 1 3 1 4 2 3 1 4 2 4 1 4 2 5 1 5 0 5 1 5 2 4 1 5 2 5 4 3 3 2 4 3 3 3 4 3 3 4 4 3 4 2 4 3 5 2 4 3 5 3 4 3 5 4 5 1 4 0 5 1 4 1 5 1 4 2 5 1 5 0 5 1 5 2 
1 1 1 1 1 1 1 1 1 1 1 1 1 1 1 1 1 1 1 1 1 1 1 1 1 1 1 1 1 1 1 
-1 -1 -1 0 -1 0 
-1 0 -1 0 -1 -1 
0 0 0 0 0 0 
-1 -1 0 0 0 0 
0 0 0 0 0 0 
0 0 0 0 0 0 

-1 -1 0 -1 -1 0 
-1 0 -1 0 -1 -1 
0 0 0 0 0 0 
-1 -1 0 0 0 0 
0 0 0 0 0 0 
0 0 0 0 0 0 

-1 -1 0 -1 -1 0 
-1 0 -1 0 -1 -1 
0 0 0 0 0 0 
0 -1 0 0 0 0 
0 0 -1 0 0 0 
0 0 0 0 0 0 

-1 -1 0 -1 -1 0 
-1 0 -1 0 -1 -1 
0 0 0 0 0 0 
0 0 0 0 0 0 
0 0 -1 -1 0 0 
0 0 0 0 0 0 

-1 -1 0 -1 -1 0 
-1 0 0 0 -1 -1 
0 0 0 0 0 0 
0 0 0 0 0 0 
0 0 0 -1 0 0 
0 -1 0 0 0 0 

-1 -1 0 0 -1 0 
-1 0 -1 0 -1 -1 
0 0 0 0 0 0 
0 0 0 0 0 0 
0 0 0 -1 0 0 
0 -1 0 0 0 0 

-1 -1 0 0 -1 0 
-1 0 0 0 -1 -1 
0 0 0 0 0 0 
0 0 0 0 -1 0 
0 0 0 0 0 0 
0 -1 0 0 0 0 

-1 -1 0 0 -1 0 
-1 0 0 0 -1 -1 
0 0 0 0 0 0 
0 0 0 0 0 0 
0 0 0 -1 0 0 
0 -1 0 0 0 0 

0 0 0 0 0 0 
0 0 0 0 0 0 
0 0 0 0 0 0 
0 0 0 0 0 0 
1 1 0 0 1 1 
0 1 0 0 1 1 

0 0 0 0 0 0 
0 0 0 0 0 0 
0 0 0 0 0 0 
0 0 0 0 0 0 
1 0 0 0 1 1 
0 1 0 0 1 1 

0 0 0 0 0 0 
0 0 0 0 0 0 
0 0 0 0 0 0 
0 0 0 0 0 0 
1 0 0 0 0 1 
0 1 0 0 1 1 

0 0 0 0 0 0 
0 0 0 0 0 0 
0 0 0 0 0 0 
1 0 0 0 0 0 
0 0 0 0 0 1 
0 0 0 0 1 1 

0 0 0 0 0 0 
0 0 0 0 0 0 
0 0 0 0 0 0 
0 0 0 0 0 0 
0 0 0 0 0 1 
0 0 0 0 1 1 

0 0 0 0 0 0 
0 0 0 0 0 0 
0 0 0 0 0 0 
0 0 0 0 0 0 
0 0 0 0 0 0 
0 0 0 0 1 1 

0 0 0 0 0 0 
0 0 0 0 0 0 
0 0 0 0 0 0 
0 0 0 0 0 0 
0 0 0 0 0 0 
0 0 0 0 0 1 

0 0 0 0 0 0 
0 0 0 0 0 0 
0 0 0 0 0 0 
0 0 0 0 0 0 
0 0 0 0 1 0 
0 0 0 0 0 0 

1 1 1 1 1 1 
1 1 1 1 1 1 
1 1 1 1 1 1 
1 1 1 1 1 1 
1 1 1 1 1 1 
1 1 1 1 1 1 

4 4 1 4 4 4 4 3 4 4 3 3 4 4 3 4 4 4 3 5 4 4 4 5 4 4 5 3 4 4 5 4 4 4 5 5 
1.4 1.4 1 1 1 1 1 1 1 
0 0 0 0 0 0 
0 0 0 0 0 0 
0 0 0 0 0 0 
0 0 0 0 0 0 
1 1 0 0 1 1 
0 1 0 0 1 1 

0 0 0 0 0 0 
0 0 0 0 0 0 
0 0 0 0 0 0 
0 0 0 0 0 0 
1 0 0 0 1 1 
0 1 0 0 1 1 

0 0 0 0 0 0 
0 0 0 0 0 0 
0 0 0 0 0 0 
0 0 0 0 0 0 
1 0 0 0 0 1 
0 1 0 0 1 1 

0 0 0 0 0 0 
0 0 0 0 0 0 
0 0 0 0 0 0 
1 0 0 0 0 0 
0 0 0 0 0 1 
0 0 0 0 1 1 

0 0 0 0 0 0 
0 0 0 0 0 0 
0 0 0 0 0 0 
0 0 0 0 0 0 
0 0 0 0 0 1 
0 0 0 0 1 1 

0 0 0 0 0 0 
0 0 0 0 0 0 
0 0 0 0 0 0 
0 0 0 0 0 0 
0 0 0 0 0 0 
0 0 0 0 1 1 

0 0 0 0 0 0 
0 0 0 0 0 0 
0 0 0 0 0 0 
0 0 0 0 0 0 
0 0 0 0 0 0 
0 0 0 0 0 1 

0 0 0 0 0 0 
0 0 0 0 0 0 
0 0 0 0 0 0 
0 0 0 0 0 0 
0 0 0 0 1 0 
0 0 0 0 0 0 

-1 -1 0 -1 -1 0 
-1 0 -1 0 -1 -1 
0 0 0 0 0 0 
-1 -1 0 0 0 0 
0 0 0 0 0 0 
0 0 0 0 0 0 

-1 -1 0 -1 -1 0 
-1 0 -1 0 -1 -1 
0 0 0 0 0 0 
0 -1 0 0 0 0 
0 0 -1 0 0 0 
0 0 0 0 0 0 

-1 -1 0 -1 -1 0 
-1 0 -1 0 -1 -1 
0 0 0 0 0 0 
0 0 0 0 0 0 
0 0 -1 -1 0 0 
0 0 0 0 0 0 

-1 -1 0 -1 -1 0 
-1 0 0 0 -1 -1 
0 0 0 0 0 0 
0 0 0 0 0 0 
0 0 0 -1 0 0 
0 -1 0 0 0 0 

-1 -1 0 0 -1 0 
-1 0 -1 0 -1 -1 
0 0 0 0 0 0 
0 0 0 0 0 0 
0 0 0 -1 0 0 
0 -1 0 0 0 0 

-1 -1 0 0 -1 0 
-1 0 0 0 -1 -1 
0 0 0 0 0 0 
0 0 0 0 -1 0 
0 0 0 0 0 0 
0 -1 0 0 0 0 

-1 -1 0 0 -1 0 
-1 0 0 0 -1 -1 
0 0 0 0 0 0 
0 0 0 0 0 0 
0 0 0 -1 0 0 
0 -1 0 0 0 0 

0 -1 0 0 -1 0 
-1 -1 0 0 0 -1 
0 0 0 0 0 0 
0 0 0 0 0 0 
0 0 0 -1 0 0 
0 -1 0 0 0 0 

-1 -1 -1 -1 -1 -1 
-1 -1 -1 -1 -1 -1 
-1 -1 -1 -1 -1 -1 
-1 -1 -1 -1 -1 -1 
-1 -1 -1 -1 -1 -1 
-1 -1 -1 -1 -1 -1 

4 3 1 4 0 1 0 0 0 1 0 2 0 1 1 2 0 4 0 3 0 4 0 5 0 4 1 3 1 0 0 0 1 0 2 0 1 0 2 1 1 1 0 0 1 1 0 2 1 1 1 2 1 1 2 0 1 1 2 1 1 1 2 2 1 5 0 5 1 5 2 4 1 5 2 5 4 3 3 2 4 3 3 3 4 3 3 4 4 3 4 2 4 3 4 4 4 3 5 2 4 3 5 3 4 3 5 4 5 1 4 0 5 1 4 1 5 1 4 2 5 1 5 0 5 1 5 2 
1.4 1 1 1 1 1 1 1 1 1 1 1 1 1 1 1 1 1 1 1 1 1 1 0 1 1 1 1 1 1 1 1 
